Time,Angle1,Angle2,AngularVel1,AngularVel2
2.6429898738861084,-2.366034200241282,-0.0265325411426815,7.489091759913956,-18.18894740890893
2.6579830646514893,-2.117676628010516,-0.5830878639526029,16.564691006548227,-37.12053901795224
2.6759843826293945,-1.9870018165865853,-0.8492657352275863,7.259180221377126,-14.786576827412793
2.6919822692871094,-1.849477608407214,-1.1022734850764724,8.596398456983168,-15.815073281999735
2.712984323501587,-1.547617856209302,-1.5663320707377666,14.372867964021731,-22.095866476784945
2.7299821376800537,-1.3765310844531924,-1.7818340577407872,10.065221913817968,-12.678217607298192
2.7479827404022217,-0.9688487699774706,-2.16287706221722,22.64825910377189,-21.16834699135787
2.7649927139282227,-0.7259190633276094,-2.303411982270828,14.281604041212974,-8.26191292060451
2.781982898712158,-0.1635417329542898,-2.4407009998658897,33.10013031200549,-8.080489961761364
2.797981739044189,0.1273113791338863,-2.4179066974951926,18.179637151941552,1.424747162771585
2.813981294631958,0.3980654119282998,-2.3142067338805328,16.92259708772169,6.481427752526892
2.8289897441864014,0.7743505299546793,-1.8819615685665008,25.071551639055052,28.800121141498074
2.8439812660217285,0.8452877724754265,-1.5427987385630932,4.731823980243642,22.6236424646482
2.859981775283813,0.82268689310785,-1.0997991902873876,-1.4125100018617445,27.686590534055306
2.8759827613830566,0.6874911529316471,-0.4812174197749731,-8.449213025852051,38.65897805771314
2.8919837474823,0.2934974774434769,1.0152500047489843,-24.62308716753437,93.52345007003908
2.906503677368164,0.2232652387051936,1.4978424702368844,-4.8369543992534805,33.23655618734933
2.922498941421509,0.2196907438834545,1.8823746056782624,-0.2234720733473423,24.040374335737816
2.9385030269622803,0.4140512274633479,2.4983141582751136,12.144429188706033,38.486394678890186
2.9545047283172607,0.5828701857862161,2.756645791617398,10.550063057533812,16.144010415609948
2.9694979190826416,0.8001383802621348,2.995589901186639,14.491124529515693,15.936841817617674
2.9874987602233887,1.19836070771532,-2.7595303764215475,22.12242885426954,29.335575234651703
3.002509355545044,1.3213917419305792,-2.4614297528640523,8.196279466528987,19.85934715909872
3.017498254776001,1.3689116991943306,-2.129821699617531,3.17034336755077,22.123576130369923
3.033498764038086,1.3401868336265823,-1.760225009078808,-1.7952469572837406,23.0990579415197
3.0494983196258545,1.0595771843060735,-0.7648843240849003,-17.53859023028309,62.21052075689105
3.0644993782043457,0.7745983000189847,0.0221573848778436,-18.9972516136759,52.46574465692831
3.080505609512329,0.4912903356435303,0.8015021883924923,-17.699854445696367,48.6900875364669
3.096502780914306,0.1367961895516032,1.814633251712929,-22.15980170395031,63.331887735802816
3.1114981174468994,0.0185520679776636,2.206379886676212,-7.885392989809383,26.12456440119302
3.127497673034668,-0.0720259258484383,2.572787691267927,-5.661281860562905,22.90112388320517
3.144498825073242,-0.1404799196992915,2.9159536925656457,-4.026432661477098,20.184867503043524
3.1605043411254883,-0.2612155461827546,-2.7007621003360103,-7.543376051690631,41.63998912015101
3.175498962402344,-0.3311279436278482,-2.3609826672277325,-4.662498382203549,22.66008769642851
3.192499876022339,-0.4198772485144457,-2.003327535604257,-5.220266796851297,21.037406554600107
3.208498239517212,-0.6717064678854323,-1.1719243006393207,-15.740936218363188,51.96801755575649
3.2235043048858643,-0.8593156380618016,-0.6154516184998672,-12.50222263913928,37.08318393054081
3.238158226013184,-1.1054482736404974,0.0979823478759584,-16.79636688639126,48.68553339254496
3.254028081893921,-1.3230346794606505,0.7664674518804562,-13.71067308079701,42.12294736815469
3.2690272331237797,-1.5074544874728482,1.628573995274162,-12.295349595854349,57.47702187824695
3.2840280532836914,-1.4983405728924326,1.941953349795012,0.6075610855446019,20.89081471413933
3.3000197410583496,-1.4176899586095122,2.211865162628014,5.043283449463432,16.87825679417826
3.31602144241333,-1.057421228954842,2.5931622987577505,22.5144015415922,23.828537208080007
3.3320274353027344,-0.8053385400317074,2.7114445720431104,15.749269080958369,7.389874161674832
3.3470282554626465,-0.5204807814553599,2.77761191089699,18.98947894446436,4.410914746561923
3.361020565032959,-0.2260313694959187,2.7961808561820622,21.043660482196223,1.3270822226853736
3.3780298233032227,0.3479708068921087,2.7101173963017504,33.746455446062754,-5.059800875078235
3.3930294513702397,0.6068626200082609,2.615655611783949,17.259882175708192,-6.297608453740118
3.4070277214050293,0.841786963053852,2.491869821994244,16.782383999003546,-8.842934839952322
3.4270219802856445,1.2280163681520455,2.182971879944715,19.317015319464996,-15.449331925426366
3.4440243244171143,1.379770107563679,2.0172598057571127,8.925459821199109,-9.746425134454553
3.460021495819092,1.5126770862537593,1.8487274205806496,8.308154945045509,-10.535136552680132
3.477022171020508,1.7200085398683744,1.524974491637017,12.19548348275874,-19.04353357192937
3.492020606994629,1.8020019359742097,1.3716778594392671,5.46679642112752,-10.22084119052505
3.5070290565490723,1.8705849439688085,1.2314870344629467,4.569626445810579,-9.340793295654988
3.5240297317504883,1.9640087821190384,0.9963372915485678,5.495301630281657,-13.831788451248862
3.540019989013672,1.9880738076993485,0.9034791974002722,1.5049805130851537,-5.807166990495808
3.555020809173584,1.9939193529042167,0.8322920869075972,0.3896817069036282,-4.745547892302183
3.571027994155884,1.9897783401091476,0.7763414509046715,-0.2586971287986508,-3.4953451256291403
3.588021755218506,1.92303050928244,0.7443464932669491,-3.9277844722390367,-1.88274729295186
3.603029251098633,1.8674568007916763,0.7513052802618262,-3.703063384768584,0.4636874166390374
3.6180202960968018,1.793186781876217,0.7830460364747747,-4.954292307476301,2.117314451182382
3.633025169372559,1.602943527476189,0.8738724129831973,-12.67876448562891,6.053125197343022
3.648031234741211,1.4897778375970332,0.9164198690599704,-7.541329928867215,2.8353505753516584
3.6630282402038574,1.3709640729647934,0.9484463044447228,-7.922499256813169,2.1355220190138366
3.6780271530151367,1.238081082912828,0.9748027723631592,-8.859508133951978,1.757225223591954
3.693021059036255,1.10449768451804,0.9758796208772076,-8.909179383053525,0.0718190785330811
3.711026430130005,0.8514834800613607,0.8520712895613639,-14.05215161294316,-6.876188814504342
3.727028369903565,0.7490259122058286,0.7114071175742729,-6.402821739450952,-8.79044503214005
3.741021871566773,0.6657287259115837,0.5102764811835514,-5.952562003351276,-14.37314556652665
3.7580201625823975,0.5680622269133085,-0.0747227138101674,-5.745665779489194,-34.41517705844556
3.773020505905152,0.5114896082245984,-0.3606211920321649,-3.771421591590876,-19.05946231166058
3.7890217304229736,0.4165311371196818,-0.5659147772523109,-5.934450266549993,-12.829867176195712
3.806021451950073,0.0906223890756694,-0.6811238883681318,-19.171416868474843,-6.777117550553028
3.824021339416504,-0.1212472209667736,-0.6011531792505713,-11.77060747949533,4.442844949264477
3.843026876449585,-0.6051061083594587,-0.2076101029166866,-25.4588379455145,20.70675906967971
3.8600220680236816,-0.8621365897050544,0.065439809853293,-15.123717801295644,16.06630390599128
3.875022411346436,-1.0995033251245163,0.3061642091425706,-15.824086843359272,16.047925978075753
3.89102554321289,-1.4896333316928572,0.6190899951703405,-24.37835355128896,19.554034087771807
3.9060211181640634,-1.641053907890634,0.6821102619613805,-10.097683929481043,4.202590897397708
3.923027276992798,-1.7666302012928052,0.7013798635122167,-7.384165622985054,1.1330954711699115
3.939021110534668,-1.937604930534396,0.6195431128358326,-10.690040558068656,-5.116768938612769
3.9540274143218994,-1.9890865269671332,0.5374199436864688,-3.430664683500702,-5.472578078769851
3.9680209159851074,-2.02063431883575,0.4272945844094346,-2.254460150711437,-7.869749968771432
3.986020803451538,-2.034407606177089,0.3028187798428696,-0.7651874139227588,-6.915365709852866
4.002028942108154,-2.004828825122932,-0.0162280374008245,1.8477339363831529,-19.93028821697713
4.018030405044556,-1.9672179352158812,-0.1940798908714777,2.350465707825406,-11.114724583466808
4.034027576446533,-1.9179270343398704,-0.3849893206880727,3.0812260266160374,-11.933949135094917
4.049021244049072,-1.7849064680164153,-0.7870854983353823,8.871783065334139,-26.817733212867655
4.064028739929199,-1.703916340778007,-0.9863646642915458,5.396644975638884,-13.278642056470629
4.079021215438843,-1.6141452089782886,-1.1921377393949983,5.987745769000933,-13.725089960700211
4.094027996063232,-1.5120525207101907,-1.3966827181654908,6.803103931710217,-13.630170513591532
4.108028411865234,-1.4044111092164853,-1.5895818157183823,7.688443901667086,-13.778097756590084
4.125020742416382,-1.133561495955645,-1.980388430991424,15.939521211971142,-22.99900028996618
4.140023946762085,-0.9712786304482408,-2.1603685637565984,10.816547036758948,-11.996112871496033
4.156020641326904,-0.7863190945934839,-2.323206082469274,11.562359655320824,-10.179447888615398
4.174027681350708,-0.3353362302002527,-2.576851352426529,25.044808241502867,-14.085894717952442
4.189021587371826,-0.0715778972045799,-2.6544277732638104,17.591035492965105,-5.173863350084965
4.204030752182007,0.1994481104659216,-2.6895197441341216,18.05736768821844,-2.3380362141475373
4.21957540512085,0.7426445867339363,-2.61464082095707,34.94426529849903,4.817021227276501
4.234560966491699,0.9802948275024336,-2.4965490878285026,15.85861449480179,7.880367655647732
4.251561164855957,1.1733119342786755,-2.3268307801691206,11.353814975597713,9.98331337216673
4.267570734024048,1.374359437294702,-1.8460634323321077,12.557958362598557,30.029999107986352
4.282561779022217,1.374359437294702,-1.5249841689512114,0.0,21.418070816284903
4.299567461013794,1.3052521568797388,-1.1338124412501729,-4.063775886741364,23.00241342245401
4.316560506820679,0.927917495457072,0.0889209156254296,-22.20524005589328,71.95492619576235
4.331559896469116,0.7073271314215894,0.7524721848818735,-14.70662268304108,44.23855135502574
4.346560716629028,0.5479099166527709,1.25239294214375,-10.627233249208729,33.32622829502714
4.362150192260742,0.4266033843757486,1.6654742829195566,-7.781309336039944,26.497449339185597
4.376108169555664,0.3364815165437367,2.0159195189350583,-6.456656715210414,25.10716478547354
4.392099618911743,0.2223904550813208,2.658789478100571,-7.134504129173544,40.20085639836816
4.406107664108276,0.1861198944409817,2.9565730480401387,-2.5892663916672367,21.25803891704067
4.421107292175293,0.1592968616331826,-3.0261106314978186,-1.78824652771101,20.03393859494532
4.436107397079468,0.1223808946585967,-2.718843080631556,-2.4610472533636423,20.484360131424424
4.455100297927856,-0.0085405693428495,-2.05818879493133,-6.893178932830237,34.78427497589317
4.4721105098724365,-0.1123447185703564,-1.6844829777204582,-6.102460661025549,21.96949799499381
4.488102912902832,-0.4319968877876579,-0.7104340502264801,-19.987750972118683,60.90697724680147
4.504105091094971,-0.6945486048572639,0.0210090906035771,-16.4072486830942,45.70897361894086
4.518624305725098,-0.9353516040382118,0.7191206394800526,-16.585125663841943,48.08190846823862
4.534623861312866,-1.089505657838031,1.23425712904762,-9.634895979090082,32.19692489217528
4.551628589630127,-1.2001296597314688,1.9661832164569373,-6.505484817487379,43.04250404673457
4.566623687744141,-1.1576597332228429,2.254620629486919,2.83225399298559,19.23544686649448
4.58562445640564,-0.8978571611513542,2.713021528313716,13.67326641884351,24.12538708266299
4.599623203277588,-0.6941470952024563,2.891672042186451,14.552021535378117,12.761893297087129
4.614622592926025,-0.4641664493459741,3.0368104801693403,15.332666944913957,9.67628959475751
4.6306233406066895,-0.2173359364841401,-3.1157641682535187,15.426186187543836,8.162784725026468
4.648629188537598,0.2704211732979747,-2.840893505532,27.088816458615547,15.265632797536052
4.664624214172363,0.4872417747675021,-2.676572659304468,13.555501967953203,10.273246819334643
4.680679559707642,0.6620943087222255,-2.471891654049161,10.890611701287956,12.748464665899736
4.698681116104126,0.8419717224539505,-1.9314773802919816,9.992325650622863,30.020419448993845
4.713680982589722,0.8386762985618503,-1.5964317353165742,-0.2196968816532276,22.33657514866217
4.727680206298828,0.7651542045017202,-1.177115624818497,-5.251869359892024,29.95281161378352
4.742679595947266,0.3664370850343642,0.1289684537162785,-26.58222293124379,87.0758150263022
4.758694171905518,0.1447514712095887,0.8275839853666616,-13.84274016387838,43.62372962428656
4.77368688583374,0.0051240112499669,1.3362224342149789,-9.31302101994914,33.9257089332468
4.789682626724243,-0.0805306446963587,1.7461330999347418,-5.354841425143424,25.626238167132183
4.806679964065552,-0.1123447185703564,2.4049532200521524,-1.8717092704090768,38.76019560524232
4.824686765670776,-0.0626091638446329,2.690663429330826,2.7620426889855247,15.866793867256003
4.84368109703064,0.1092790687717941,-3.0537007842609407,9.049448983481582,28.367468345129367
4.859679698944092,0.2002206878749313,-2.782897200980186,5.684347894591375,16.926703017283916
4.87568998336792,0.2517223427856437,-2.4947688126570595,3.216785757663518,17.996456571021604
4.89368200302124,0.2365320332076359,-1.8557716536808933,-0.8442804015726227,35.51558809342692
4.91068172454834,0.1631704406282255,-1.466774205970155,-4.315458489273671,22.882577640500145
4.928689002990723,-0.1715164998088488,-0.3498203760154353,-18.586203434792168,62.0279090773541
4.947679996490479,-0.4319968877876579,0.4185668358399284,-13.715995847302974,40.460611598084206
4.966680288314819,-0.7195574651239601,1.4689900136118652,-15.134534774245688,55.28458128344454
4.982687711715698,-0.7641247773733871,1.831290416969194,-2.784165267158485,22.633274218100347
4.9986865520477295,-0.7450172722646596,2.136420398429045,1.19430563166959,19.072006165906377
5.016686916351318,-0.5442322430612068,2.628184207571597,11.15449808776486,27.319658694046804
5.032687664031982,-0.3754728625759748,2.8188009258826745,10.546968420054986,11.91298820000933
5.049680471420288,0.0276427266427251,-3.141592653589793,23.722718677793136,18.99578570691393
5.064687490463257,0.2374710384023795,-2.9848824554609976,13.982011428043428,10.442460136826377
5.079681873321533,0.4325345129278078,-2.817986813752264,13.00910323346587,11.130544236878212
5.099686622619629,0.7258836154858894,-2.395062587250436,14.66397294896398,21.14119103417545
5.114686012268066,0.8002210795672722,-2.140716010571968,4.956032600241607,16.95712843255346
5.129686594009399,0.8130408900401727,-1.836493437046073,0.8546208869737653,20.280718359584142
5.146693706512451,0.6720471775570486,-1.055785821611784,-8.290279285082883,45.90477162388376
5.161198139190674,0.4912903356435303,-0.4681930322418651,-12.462179384989764,40.51125627630694
5.176207065582275,0.2399887995796971,0.2719171716894373,-16.74347181850743,49.31133544271633
5.19120717048645,0.0321270015175369,0.9108958333270432,-13.857356291175568,42.59827952668294
5.208210706710815,-0.1944391752627556,1.7705605062098777,-13.324650460392728,50.55799343968093
5.22320556640625,-0.2370270453476531,2.09779659941144,-2.840164626406213,21.82321807927246
5.242198705673218,-0.2457125968807109,2.3937592534320737,-0.4572994180147653,15.582608533564676
5.259198427200317,-0.1635417329542898,2.916807062926953,4.833659409975086,30.76802220913312
5.273199796676636,-0.0899934440355718,-3.121424434730034,5.252935367723572,17.494989324930607
5.289206981658936,-0.0175752982661364,-2.880608432273891,4.524102510810795,15.044244364167032
5.305207252502441,0.0728607515515844,-2.3667261172776506,5.652157435474087,32.11710101800016
5.321197986602783,0.0728607515515844,-2.0796619607045628,0.0,17.951906070838355
5.337205648422241,0.0412165535610941,-1.7598201591500813,-1.976815749069947,19.98054463929891
5.354214191436768,-0.1441626571804726,-0.9596300556871084,-10.899182286409909,47.04636386429808
5.371201753616333,-0.3211282769411828,-0.3850600138707054,-10.417364062607204,33.82298388332384
5.388198852539063,-0.5504223158473525,0.3230755903194979,-13.490186763550838,41.66214525251977
5.403199911117554,-0.8150176086021336,1.3344695112335565,-17.638441405339396,67.42150333071918
5.418197870254517,-0.8466921780446318,1.675504630932756,-2.111925306186185,22.738768427412825
5.433204412460327,-0.8247476887154712,1.9515711742907649,1.462328165156106,18.396412682670864
5.450204849243164,-0.7450172722646596,2.1819787037494005,4.689903998896358,13.553035866187145
5.467205047607422,-0.458089644554606,2.51418835460912,16.87789880812842,19.54151614831602
5.48220419883728,-0.2642447310298784,2.613395550041393,12.923725519804467,6.61418729046376
5.497199296951294,-0.0626091638446329,2.67465832247036,13.44676544642325,4.085519945462282
5.514204263687134,0.3594072524451581,2.720778545152862,24.81724444660893,2.7121618876971088
5.528716564178467,0.5579928538455242,2.713562520433953,13.683950488688186,-0.4972350678115289
5.543708801269531,0.7392202936940083,2.6868850810325657,12.088085236892216,-1.7794168568270028
5.558708667755127,0.9060196136644896,2.6569773739341915,11.12005364385461,-1.9938648872037912
5.574717044830322,1.183434583936199,2.593602792410279,17.329362556155615,-3.958838627190409
5.590708017349243,1.2909732416283757,2.569007281432509,6.724960446585354,-1.5380872519584423
5.604708671569824,1.379770107563679,2.5495523869234384,6.342336903426382,-1.3895703873945853
5.619711637496948,1.4488793135639175,2.540440627889602,4.6063695895819805,-0.6073305157191149
5.6357080936431885,1.5396832307218984,2.567599641303333,5.676502115709107,1.6978143887272528
5.650718927383423,1.5577375619588187,2.604229102578519,1.202753394605146,2.440201650958673
5.6657116413116455,1.5577375619588187,2.6564777573205287,0.0,3.484936415925032
5.68070912361145,1.544193680368036,2.726178466042639,-0.9030770178644628,4.647493981240981
5.69671106338501,1.4623000925844802,2.9147526575999567,-5.117728784285938,11.784458273546544
5.71271562576294,1.3983862810640748,3.035540820928011,-3.993474486284152,7.547108160521861
5.728707551956177,1.3139205691296238,-3.1162285458234003,-5.281772246433327,8.217643005615443
5.744723320007324,1.1023484707562805,-2.7988344593067755,-13.21023741713001,19.817600099040195
5.760716438293457,0.9739746292963516,-2.6028901966323854,-8.026817482569236,12.251785997499184
5.77571702003479,0.8450812035876397,-2.388234803739812,-8.59256180402361,14.309804552519877
5.789716005325317,0.7073271314215894,-2.1427908607409414,-9.84028980009458,17.53298099148331
5.808712005615234,0.3980654119282998,-1.5197998051926678,-16.280359800659966,32.79590682460428
5.824718236923218,0.2091104300372188,-1.1105630994695286,-11.805088796688592,25.567336735851427
5.840717792510986,-0.0218663318818687,-0.5876342794389933,-14.436448603339096,32.68395907385749
5.8567187786102295,-0.5889590423244567,0.757856562901788,-35.44111012441984,84.0879952020221
5.871716499328613,-0.7893904489828365,1.2343430107180655,-13.364124484108878,31.770590795987665
5.886710643768311,-0.942713826972696,1.6004656059324591,-10.225550287746536,24.41770497055355
5.90171480178833,-1.0674583812971803,1.9088828139042853,-8.313998970021638,20.555449200169427
5.919715642929077,-1.2284951254298495,2.4173420746709438,-8.946067735031747,28.24641675303156
5.935714960098267,-1.2722067498137517,2.636489228441572,-2.732093121328906,13.697281668535792
5.950708389282227,-1.2905993243741127,2.831067689716153,-1.226709002636801,12.977582305370278
5.966709136962891,-1.261154821151378,-3.1103152515969152,1.8401954590107388,21.361649635883293
5.982707738876343,-1.2199886195417635,-2.9632794770266573,2.573112440218947,9.19053898369866
5.997707843780518,-1.1634764102461226,-2.833353519455648,3.767454271597312,8.661669928378226
6.016709327697754,-1.02734451467565,-2.5997175898738165,7.164277072433634,12.295667569936416
6.032708406448364,-0.9464230386841784,-2.496270335664866,5.057883472720852,6.465825677931861
6.050718307495117,-0.773627119746514,-2.295907591953644,9.594495743707512,11.125144063317672
6.066708326339722,-0.6814706375068231,-2.1864265128703884,5.763375461610991,6.846838652738539
6.082715749740601,-0.5952149954704233,-2.0689753184068067,5.388477575451889,7.337295423642812
6.098710298538208,-0.4480524922122676,-1.7600658253153514,9.200791164560348,19.31342340445791
6.113715887069702,-0.3937764802450801,-1.5689650850047296,3.617053196765427,12.735304577326923
6.128709316253662,-0.3695705336490359,-1.3269154549014592,1.6144369842984168,16.14371383180415
6.145714044570923,-0.3737113385521242,-1.02882397867736,-0.2435090303021882,17.5299170126417
6.161708354949951,-0.5104637476834426,-0.1700264579303274,-8.550065985378627,53.69393868166299
6.17570948600769,-0.6176537123580939,0.3538396445229514,-7.655807536734754,37.41598448674666
6.190715551376343,-0.6722501430765193,0.777363084897854,-3.63829087619979,28.223483636133064
6.205709457397461,-0.6659507303632181,1.0883845767057037,0.4201315323991526,20.743193359341557
6.2217090129852295,-0.5004317217836354,1.4472835892983988,10.34522538276749,22.43181134775197
6.236718416213989,-0.3595413475385982,1.5205364703124504,9.386807196642886,4.880465925100242
6.254719018936157,-0.1944391752627556,1.5325667037278463,9.172035782586168,0.6683239223195968
6.270711660385132,0.1676301718558056,1.3720530588660929,22.639746427990847,-10.036718785566547
6.286710023880005,0.3579400814719781,1.199612679355497,11.895586050233238,-10.77862617422445
6.301715612411499,0.5540879813329446,0.9623436265784908,13.071656566437625,-15.81204577741284
6.317714691162109,0.9703074395730268,0.3092965031027268,26.015214046258997,-40.81779542780554
6.334729671478272,1.189392988380305,-0.1020864828937036,12.876038921959504,-24.1776939116214
6.351718902587891,1.385143773474809,-0.4679064481720026,11.522050870428853,-21.53246152918452
6.365718841552734,1.6797076283390742,-1.0103639709764876,21.04036707616837,-38.74713483870815
6.38271689414978,1.7843408665724712,-1.2047495578793954,6.155601509997754,-11.435756289911131
6.398714780807495,1.8674568007916763,-1.372174470385723,5.195432121599851,-10.465439347614604
6.413715362548828,1.93299118443958,-1.521530834508287,4.36878947616601,-9.95670479305635
6.428709030151367,2.003919421173278,-1.771062006459166,4.730546162146911,-16.642437231876666
6.445708990097046,2.003919421173278,-1.8695410218814177,0.0,-5.792896908988569
6.460715532302856,1.9880738076993485,-1.960431081056624,-1.0559136979466266,-6.056695668374124
6.47770881652832,1.886014884218068,-2.086166690663618,-6.0058386670393125,-7.399135325388327
6.493708848953247,1.8029141410281968,-2.1278245481956493,-5.193785923858949,-2.603610819383832
6.508709192276001,1.6931772214534928,-2.139082770399563,-7.315627196895214,-0.7505309686369773
6.522710561752319,1.5624186040084318,-2.127698490414656,-9.338987708754033,0.8130833204681887
6.538707971572876,1.2566338814567322,-1.989237390715765,-19.114639556134076,8.655219891970814
6.55370831489563,1.0821019205671465,-1.8556289201698215,-11.635197750763457,8.907027504048765
6.569714784622192,0.8996404747278712,-1.6700534633166468,-11.399230995731868,11.59377801747347
6.584714889526367,0.7073271314215894,-1.4365189103375533,-12.8207998900566,15.5688613160363
6.6007163524627686,0.2638879873611622,-0.72408169937808,-27.71241266019856,44.52325476683547
6.61571741104126,-0.0218663318818687,-0.1755827239290142,-19.04894362940164,36.56401797107262
6.629716396331787,-0.3238020673608273,0.4292689472490381,-21.568401510020053,43.20682239643009
6.645707845687866,-0.5764875107484794,0.9043014082213156,-15.801284659141572,29.70540383143541
6.66371488571167,-0.9812320378953568,1.5302271631253344,-22.477016023279845,34.7600579593648
6.677708864212036,-1.1476733006855762,1.7423857283252004,-11.89377722610219,15.160703955227175
6.6937096118927,-1.304661332542184,1.911664902552532,-9.811293508885118,10.579454010883197
6.709717512130737,-1.578694183980573,2.131536885970066,-17.118600651148917,13.73521699586096
6.724708557128906,-1.69445476623648,2.191697412534602,-7.721982174694712,4.013097590720619
6.739709377288818,-1.793497018678436,2.2312670858626515,-6.602455824824473,2.637833992156956
6.7572572231292725,-1.947465003449607,2.246760961288069,-8.774181524675775,0.8829502815495867
6.773248195648193,-1.990992249613405,2.2315733258355266,-2.721988679068481,-0.949763088803528
6.789248943328857,-2.02063431883575,2.2076286863823915,-1.8525427569966488,-1.496470035714064
6.804248332977295,-2.030512179657362,2.1732002026735504,-0.6585508512769089,-2.2953256442956365
6.822249412536621,-1.9969005425649895,2.073177454712721,1.867201185439963,-5.5564860780257
6.837257385253906,-1.9532809406936635,2.0074661050877847,2.906428649159812,-4.378429442988994
6.855249881744385,-1.821453259157284,1.8358224291158332,7.326814353202283,-9.53973652643388
6.870254993438721,-1.7301328700710834,1.726674517271826,6.085951970665532,-7.274048608728981
6.886257886886597,-1.6229835858644095,1.5929126988981683,6.69561942380461,-8.358602074639922
6.90125584602356,-1.49430360566109,1.418711043130718,8.579832697782473,-11.615024029377803
6.916249513626099,-1.1833396334421868,0.9506708351123808,20.73968694398985,-31.21585861614526
6.931249141693115,-0.9774521314959944,0.6043721960006845,13.72617381086457,-23.087148398911907
6.94625735282898,-0.7356770059562355,0.160089879674274,16.109523203734973,-29.60261634810924
6.962247848510742,-0.4720613931637182,-0.324384403676499,16.485768674023866,-30.29764011026377
6.977250337600708,-0.0038783611747165,-1.051438800317802,31.20702365996977,-48.46225131585544
6.992249250411987,0.1994481104659216,-1.286986057406869,13.556080643907412,-15.7042887076411
7.007256031036377,0.3964341585324284,-1.451992632761587,13.12646949382047,-10.995467947771722
7.022256135940552,0.5781160258217392,-1.5493946562699803,12.112039779051498,-6.493422821415366
7.03825044631958,0.8961821219286139,-1.575236099137782,19.88620256637772,-1.6156647117268006
7.053255558013916,1.0129490074168976,-1.49283787305628,7.781807151249689,5.491343734056007
7.068247318267822,1.098370310222308,-1.3643165709883334,5.697883461226837,8.572795982010122
7.084254741668701,1.1388400053128431,-1.169427339078871,2.528182960932562,12.174928283508873
7.1032490730285645,1.0843292704199592,-0.5787832814056513,-2.869842262943248,31.09580676902917
7.119248151779175,0.9802948275024336,-0.1446040898161065,-6.502527085414632,27.137762014764828
7.135254383087158,0.7362689987703948,0.7611327898918945,-15.245676764044177,56.58651698081161
7.1512486934661865,0.6557743405073186,1.0980831585121245,-5.032705778213508,21.066889452266604
7.167249441146851,0.5905564926845017,1.3867138975560265,-4.075925020780669,18.03857824673372
7.184765100479126,0.4973631354836347,1.8643956505529464,-5.320573746781169,27.27169693901932
7.200063943862915,0.4609965757247554,2.077159417036433,-2.377079027909648,13.907179853147271
7.215764045715332,0.4266033843757486,2.273032076201371,-2.1906349189519507,12.475884615664716
7.229773044586182,0.3922242137080939,2.4622535051331145,-2.454077624289908,13.507134283912432
7.247764825820923,0.3152185574231711,2.8273564744347484,-4.28004627669821,20.292763931379884
7.2627646923065186,0.269335530839552,3.0066355220421017,-3.0588956660167868,11.952042891816014
7.277765035629272,0.2179712663346316,-3.094477371411264,-3.4242059264741136,12.13788310098455
7.294765949249268,0.1134046938265859,-2.709866879799546,-6.150644303319258,22.62293075587242
7.309765338897705,0.0546631758299906,-2.5028934286570546,-3.9162605528228567,13.798791550431655
7.324772596359253,-0.0083777227864758,-2.282217595574841,-4.2006941493468855,14.70460766383446
7.341764450073242,-0.0760563563306766,-2.045162286311573,-3.983004719990117,13.951115237538938
7.358763694763184,-0.235852338552149,-1.4967814194811708,-9.400181310174624,32.25913132216302
7.37377142906189,-0.339531107175495,-1.1631041404983304,-6.908355822389861,22.233687800003867
7.388765096664429,-0.4759835694813717,-0.7526135967644505,-9.100672758863183,27.377593969361207
7.405771255493164,-0.8432607304329287,0.3398733522314707,-21.596714734368337,64.2406648084424
7.420770168304443,-0.9897478169614156,0.8262060840071255,-9.766513638130329,32.42453222409086
7.435764789581299,-1.075513996388943,1.183699594026812,-5.719796308554281,23.84144977182489
7.454771518707275,-1.1054482736404974,1.7038962821894466,-1.574930491887897,27.36907990400515
7.470764398574829,-1.053459778503676,1.8853663545655197,3.2507275467188066,11.346929000838582
7.485763788223267,-0.9650885576620956,2.0261615364541563,5.891654454805503,9.38672740615841
7.501766681671143,-0.7008548994798887,2.1920832961369,16.511617667321154,10.368234983453332
7.515764236450195,-0.5380587420134535,2.203362255514524,11.63032829920114,0.8057806921036214
7.531773805618286,-0.3678375728238717,2.1733125535347275,10.63246408459604,-1.8769838003941464
7.545763731002808,-0.1988195344161309,2.100675512576496,12.081410998427708,-5.192096380914061
7.560772895812988,-0.0308490348169226,1.984923972555304,11.19119562770571,-7.712057365289111
7.576772451400757,0.2824464011294046,1.6505447833101754,19.58150863801726,-20.89927982129434
7.593302488327026,0.4307583158614236,1.427992262548728,8.972267599494694,-13.463522299080104
7.608307600021362,0.5781160258217392,1.170558567595588,9.820500704165996,-17.15639977877105
7.6233062744140625,0.902544708391783,0.4787171931920602,21.63049040706839,-46.12683469815471
7.637844085693359,1.0843292704199592,0.0463469709097488,12.504259309450068,-29.741080962995078
7.65284252166748,1.2581456887547384,-0.3867296383329495,11.588969585541392,-28.87478467687873
7.667843341827393,1.3939639658470453,-0.7481770132691334,9.054056754527656,-24.09517420268184
7.686843395233154,1.5489299949130266,-1.2601113176526757,8.156083867584723,-26.94383502250048
7.70184326171875,1.575920338044878,-1.4459576173551942,1.7993722249307962,-12.389863595185066
7.716844081878662,1.5758184780823072,-1.601223281201054,-0.006790292896306,-10.350478319898048
7.732837677001953,1.4897778375970332,-1.836908545142007,-5.379693547448598,-14.736227979019633
7.747835397720337,1.3983862810640748,-1.905839911054769,-6.093696385540315,-4.596122784728735
7.763842821121216,1.286673901816766,-1.940702013392946,-6.97878580766315,-2.177870945567845
7.778842926025391,1.150919078280451,-1.9401106963914492,-9.05025827509593,0.0394208577389376
7.79483699798584,0.8354013798621069,-1.7991941366466555,-19.72716511458551,8.810549314349577
7.812842607498169,0.6620943087222255,-1.651842125683641,-9.625171034682923,8.18367247507602
7.828836679458618,0.4811896690582087,-1.458641800554203,-11.310730632659713,12.079495803644724
7.844842195510864,0.0816442270186927,-0.8775976354041805,-24.962984057202377,36.30274483205327
7.859835863113403,-0.1618374312384233,-0.4312975900704962,-16.238965989607795,29.765902323865493
7.876842021942139,-0.4360048823580818,0.1144868938232224,-16.121656505782894,32.0933427348394
7.895836114883423,-0.8969763157673795,1.005887617311557,-24.269199631395065,46.93041811703736
7.912840127944946,-1.069506324464701,1.295422573857271,-10.14642885024131,17.027448491019573
7.93084192276001,-1.3457580403022915,1.7176194499274835,-15.345787388179186,23.453043455251905
7.945835590362549,-1.4585347188035405,1.8724450756876347,-7.521620559478795,10.326067634974962
7.961836099624634,-1.5520422549415052,1.9956550318440849,-5.844034999532266,7.70037716539498
7.977836847305298,-1.6988342429406278,2.1841957942967385,-9.174070545247826,11.78324702166849
7.994925260543823,-1.7483682882235594,2.24361117245384,-2.8986919143117604,3.476939451765549
8.009942531585693,-1.7752574382273278,2.294154170894969,-1.7905483578739432,3.365658001391097
8.02699065208435,-1.7849064680164153,2.3453930822785285,-0.5659878923220557,3.0055460593204497
8.042990446090698,-1.7623037779427673,2.3522823742347043,1.4126863173788842,0.4305862908886584
8.057994604110718,-1.717054789290059,2.3412888653419346,3.0157632699105243,-0.7326974881297219
8.072989225387573,-1.6587079418258597,2.314821963020256,3.891185138117421,-1.7650930845803396
8.091988563537598,-1.49430360566109,2.207053178284345,8.653161224174461,-5.672238889846385
8.106995820999146,-1.3911813197238685,2.1163983898318897,6.871494422045141,-6.040729872512323
8.12199592590332,-1.2722067498137517,1.9968708537090756,7.931582523599817,-7.968446679966058
8.137994527816772,-1.0035003832565077,1.6586313525871648,16.79561551758514,-21.14181620067112
8.153990983963013,-0.8432607304329287,1.416695123623653,10.017197019056066,-15.124364218657012
8.169988632202148,-0.6659507303632181,1.1209666621496996,11.083504113807772,-18.48574597049208
8.187989950180054,-0.2075536398339383,0.2306301881661809,25.464640483097625,-49.459515968570365
8.20599102973938,0.0724557539024638,-0.350691898664592,15.555144501949178,-32.293734657130386
8.220990896224976,0.5215840955623054,-1.1846865117479477,29.942155957930517,-55.600135766824096
8.235989093780518,0.7009722371994407,-1.4618822376226417,11.960646669229224,-18.481935902508983
8.250989437103271,0.8642780574435917,-1.6785769311431329,10.88680550374028,-14.445982259071927
8.267996549606323,1.015442665889652,-1.851899562189932,8.888317074337893,-10.191185071286968
8.28498911857605,1.286673901816766,-2.075865519927764,15.961755777500818,-13.180229436575685
8.29999589920044,1.403691324999025,-2.139506709161786,7.7976366891162066,-4.240828917735328
8.314997673034668,1.5081871629502634,-2.171881365077001,6.965565479517991,-2.1580551922031987
8.330994129180908,1.6614187158705656,-2.164384483544695,9.579093739229064,0.4686588994317991
8.347996950149536,1.7066124247767034,-2.126808347595212,2.65801239626796,2.2099942132435184
8.362988710403442,1.7339667674231216,-2.0769866013262344,1.8246251396189972,3.323275280899443
8.378989219665527,1.7378012592251066,-2.0109331429450017,0.239648109893058,4.128209752532934
8.395988941192627,1.6931772214534928,-1.821215137599224,-2.62498639759938,11.160065477739987
8.410990238189697,1.638957405915968,-1.699970561140681,-3.614341849782306,8.082272918283103
8.428999423980713,1.4763224435128577,-1.3907090287745525,-9.030667143444395,17.172432777078246
8.444989919662476,1.3665743925882323,-1.195773577961859,-6.863330137401168,12.190707198340268
8.460996389389038,1.2238050920418615,-0.9370079888575358,-8.919474624029512,16.166312342746355
8.478996992111206,0.8481702022113624,-0.2135398115222298,-20.867906237822805,40.1913307294064
8.494062900543213,0.6143968913882112,0.2409639926313497,-15.516708592660134,30.167699890436538
8.509989976882935,0.3906216834857018,0.6579641872753345,-14.04998652165811,26.18184189925668
8.526990175247192,0.0052249581313973,1.2328561247814387,-22.67013108297516,33.81677820388201
8.54198932647705,-0.1715164998088488,1.4211845496625632,-11.783430624288377,12.55593879913847
8.556997299194336,-0.339531107175495,1.55663114422606,-11.195023507281467,9.024976065388133
8.571996927261353,-0.5020409897861328,1.646832100909613,-10.83426081530571,6.013546221316
8.586990118026733,-0.7830664858975722,1.65300791321258,-18.743541685624702,0.4119078053236705
8.601989030838013,-0.8907241571790511,1.5833316011972225,-7.177698319608836,-4.645424164540813
8.61699891090393,-0.9712786304482408,1.4645570350431172,-5.3667632862770205,-7.913092285380719
8.6324462890625,-1.013469883723315,1.293666886144099,-2.731288950265561,-11.062728389556383
8.647440195083618,-0.983608658612931,0.7837764047828276,1.9915574412915409,-34.006514422800585
8.662451267242432,-0.8969763157673795,0.4060369438962158,5.771229525046747,-25.16405603078984
8.678449153900146,-0.767218876637282,-0.058393382973746,8.110911266365486,-29.030729921192084
8.692448854446411,-0.6310493493612851,-0.5197641065753716,9.726602853110972,-32.95575659471709
8.707442998886108,-0.5281129944695891,-0.8923719501781263,6.86510359465193,-24.850223705746675
8.727552652359009,-0.3837386440547357,-1.4641699799196983,7.179355457786043,-28.43400710569789
8.74254298210144,-0.3295539680126324,-1.6991125432123084,3.614642037441516,-15.672941645011417
8.756542921066284,-0.2827446804896273,-1.9039100284558292,3.343535114013802,-14.62845557811378
8.772550582885742,-0.2031910692513478,-2.270822796187556,4.969720883382146,-22.92107191355876
8.789549827575684,-0.1574295134068269,-2.4351680149529886,2.6919758306437207,-9.667795349912089
8.804550647735596,-0.1117194791447608,-2.588047407403093,3.04716900641344,-10.191402258034945
8.820551633834839,-0.0082163348516141,-2.8736297540202997,6.468547853937722,-17.84779668240035
8.838569402694702,0.0501614420354664,-3.0077408128384038,3.2400114210102937,-7.443266691962751
8.852633953094482,0.1085468257979546,-3.138252174485644,4.151244234824621,-9.27945493723563
8.870560646057129,0.2179712663346316,2.889122005610417,6.1039947950624605,-14.269844840682794
8.884570837020874,0.2638879873611622,2.7584315598283453,3.277380097484152,-9.328241572171745
8.900562286376953,0.3009980501661597,2.626484462202115,2.320619099537109,-8.251103116933624
8.917561054229736,0.3579400814719781,2.3555998084172347,3.34977404238715,-15.93554639553056
8.933635711669922,0.3779569388781267,2.2082019063352467,1.2452431711613234,-9.169582781496995
8.94962739944458,0.3964341585324284,2.053552461633931,1.1554264887276222,-9.670614314168049
8.967699527740479,0.4307583158614236,1.7111583322892412,1.8992869443487312,-18.94597712779617
8.983634233474731,0.4550159317864816,1.5105969554693583,1.5223133912610785,-12.586449989393907
8.999626636505127,0.4892782659241646,1.28618715428881,2.1424131240666773,-14.032275246817523
9.015637159347534,0.6043958047636296,0.7012700881289106,7.190117397949808,-36.53328950698749
9.03066897392273,0.6981642846232736,0.3109982806055409,6.238001366406931,-25.96305360015384
9.046669006347656,0.8066715494215096,-0.1272558438314975,6.781690306401534,-27.390827268216903
9.061661005020142,0.8898127813099508,-0.5188401167040542,5.545706993759899,-26.11955093027235
9.07866072654724,0.9251095428809044,-1.0582295568640148,2.07631410400967,-31.72931034782592
9.092658519744871,0.8770558678745167,-1.2175439125569558,-3.4329464886306207,-11.381390869518922
9.10766863822937,0.7970678077382455,-1.3289700226347625,-5.3289426208650825,-7.423399768155788
9.124660730361938,0.5518223554256378,-1.3824643217484085,-14.432916817968,-3.1481879156666595
9.13966679573059,0.4006304484427854,-1.3334249220469607,-10.075386403333429,3.267971883148732
9.155667066574097,0.2365320332076359,-1.221562055373314,-10.255977341893134,6.991310820157104
9.17166781425476,0.0636631760719147,-1.0610251096760863,-10.803798709020503,10.033090259352496
9.189667463302612,-0.3295539680126324,-0.5275517512981329,-21.845822829055745,29.63798666072485
9.203669548034668,-0.5541641693189091,-0.1489832339048683,-16.04119712203037,27.036582383092497
9.219658613204956,-0.7735269996026755,0.2435375285887117,-13.71955320386088,24.54932532409634
9.23566222190857,-1.1353361346780928,0.8555130495115717,-22.607971850357,38.23984529093671
9.2526593208313,-1.277681582044292,1.0701279422103536,-8.374690764189568,12.626560195621767
9.26826810836792,-1.3911813197238685,1.2266549197647012,-7.27152813204006,10.0281317294573
9.285265445709229,-1.5609295053997934,1.4548459572612702,-9.986751587461066,13.425104939348165
9.302369356155396,-1.6185658729531365,1.5350614225572023,-3.369777205905536,4.689890393685295
9.317271947860718,-1.6587079418258597,1.5884503607301224,-2.693630052173206,3.582527068352336
9.334271430969238,-1.6900694331951829,1.6555700515504388,-1.844849703318576,3.948337157773615
9.349272966384888,-1.680672946636776,1.6685136958203897,0.6263683215122474,0.8628212987084124
9.363791704177856,-1.654300777190831,1.6642462365757849,1.8164230129369137,-0.2939277026320765
9.379793167114258,-1.5475980153331317,1.5974593073025751,6.668312908750568,-4.173801454195644
9.396859169006348,-1.471846135366882,1.5350294458380072,4.438759613718375,-3.658142185810049
9.4128520488739,-1.3780049227375453,1.4500628646271807,5.867686958602204,-5.312775554777117
9.429592609405518,-1.1312525828612017,1.1678636789147443,14.739789591294002,-16.857212467854644
9.446571111679075,-0.9774521314959944,0.9510933577627506,9.058540552467855,-12.76734058513323
9.462571382522585,-0.7987419340684292,0.6761491207314474,11.169198270171757,-17.18372393320434
9.478573322296144,-0.3478803030174693,-0.1125596335512679,28.175436067815383,-49.28832163122622
9.493572235107422,-0.1117194791447608,-0.5177127299241676,15.745196124822712,-27.01216424621266
9.508570432662964,0.0995903962061074,-0.8382398778423895,14.089018001552269,-21.371044535933837
9.523578882217407,0.2911377918375977,-1.0774568864310816,12.762637135611472,-15.938822176196751
9.53957486152649,0.6243732881107182,-1.3631436643666015,20.83245357062443,-17.85991169501675
9.554663896560667,0.7684844119039628,-1.4218586957083563,9.550718350564098,-3.891238320326866
9.56956934928894,0.8961821219286139,-1.4318556567778578,8.567180907054517,-0.6706915416624672
9.585153818130491,0.9991728461472836,-1.3933694355960478,6.6085488870860045,2.469524086646734
9.60317087173462,1.1206794780736904,-1.1824835377306249,6.743979043198337,11.704793830281394
9.619159460067747,1.1347914444368148,-1.003913428620994,0.8826274133209779,11.16859758904521
9.634151458740234,1.1106026147779786,-0.7698051105645628,-1.6134492930038518,15.615550879556018
9.650147914886476,0.9504334706057688,-0.1018089013383756,-10.0127892520654,41.75901231618675
9.666085958480837,0.8290139723421,0.3037282946351036,-7.618218481133595,25.444603258393517
9.684090614318848,0.7171817429301595,0.6695258152781739,-6.211295034911604,20.316829376475656
9.705095052719116,0.5417525096603865,1.2337129105525884,-8.352007796006106,26.86037515133949
9.724086999893188,0.3964341585324284,1.6616445093355745,-7.651577260405718,22.532265641892515
9.740604162216188,0.3238306686156896,1.8440717035299323,-4.395639426249852,11.044705538817125
9.756611585617064,0.2497246285482046,2.001975649664612,-4.62947959903504,9.864419911952208
9.774602174758911,0.0814025351804972,2.280494629062608,-9.356119026485576,15.481370687865205
9.792604923248293,-0.0082163348516141,2.392053551686684,-4.97806599281099,6.19677171460157
9.813605546951294,-0.221688466125724,2.564539185647088,-10.165037681408716,8.213357679264547
9.832602500915527,-0.4560022163312324,2.665896362720068,-12.33428004545696,5.335443632900844
9.851608991622925,-0.570272811173626,2.6840033723977923,-6.0121879731285,0.952675060140248
9.869610071182253,-0.7830664858975722,2.652452389673614,-11.821161837691006,-1.7527272528403437
9.886602401733398,-0.8746799853391438,2.6068453135580123,-5.391461704785699,-2.6839800448986684
9.907609939575195,-1.0096199895167235,2.44729630232851,-6.423408835142093,-7.594845832530719
9.924609899520874,-1.0455868694721795,2.332120338757669,-2.1157038057962216,-6.775072643633949
9.944605112075806,-1.0555584742291586,2.032714984200214,-0.4986996126990261,-14.973852052580929
9.963609218597412,-1.0256658591780636,1.8449959744709437,1.5729555618470668,-9.877812961943055
9.98161244392395,-0.8844615241481628,1.3617247237475292,7.843279882841614,-26.843592853944717
10.000609397888184,-0.7704129885887759,1.0430343783583644,6.003516972990106,-16.77586554082199
10.02061152458191,-0.4060138775012039,0.1191001702375783,18.21801834711303,-46.19179861562483
10.03860592842102,-0.1793932006305109,-0.4428345221387127,12.593953036561665,-31.228302832401184
10.058120250701904,0.1625646248703524,-1.2560977520658825,17.52342820718119,-41.67519723315431
10.078118085861206,0.4064740634456312,-1.779347066426707,12.196792134363962,-26.165297903130355
10.097126960754396,0.509397008528225,-1.99013179868444,5.414468013542165,-11.088753723833706
10.115118741989136,0.6946264196718064,-2.313866040145064,10.295223620544744,-17.99345141188745
10.13364601135254,0.7812045166130581,-2.440426008208103,4.673009024863013,-6.83101031137547
10.15165400505066,0.9314553604085392,-2.618405949547553,8.343563770303078,-9.883385363358366
10.169162511825562,0.9928943898326508,-2.679844978971665,3.50909590486504,-3.509095904865065
10.1871657371521,1.0843292704199592,-2.739623036778589,5.078805543389303,-3.3204082447830348
10.204169511795044,1.1106026147779786,-2.7432030012298103,1.5451477633480322,-0.2105393964808175
10.221169233322144,1.124690777851493,-2.726074438412417,0.8287290501233279,1.0075790235791904
10.24067759513855,1.1106026147779786,-2.640364158453905,-0.7221602308845024,4.393514984247963
10.257676124572754,1.0843292704199592,-2.569252810163379,-1.545624547094805,4.183382366443859
10.275676012039185,0.9928943898326508,-2.365767392813727,-5.079747346078249,11.30481608449761
10.293676853179932,0.927917495457072,-2.232578827999256,-3.609658785805067,7.39901895545217
10.312684297561646,0.7651542045017202,-1.8905361685702224,-8.563133879899093,17.995194543780766
10.330678462982178,0.5417525096603865,-1.4179224167834767,-12.41522958249686,26.26483311348633
10.350743770599363,0.4006304484427854,-1.0918177214216855,-7.033137189320687,16.252165258730304
10.369676113128662,0.0052249581313973,-0.1740873196237755,-20.885185744950338,48.47421286498314
10.389676809310911,-0.2346877739834407,0.3990862123570696,-11.995219062811495,28.6576790506668
10.411237955093384,-0.5801592694712361,1.2233320624947177,-16.022872762572064,38.228295400134215
10.429779291152954,-0.8050387798488392,1.7475107629690718,-12.12854940200111,28.270816018341545
10.448776721954346,-0.8844615241481628,1.945534502940224,-4.180709756474319,10.423711608237369
10.468769550323486,-0.9996760054391288,2.262280928657247,-5.762790494855752,15.843002294059042
10.487778425216677,-1.0356220078700655,2.3869249042252534,-1.8910115739578768,6.55714639968883
10.505769729614258,-1.0615796247858036,2.5665418970648357,-1.442786823129137,9.983544765309626
10.523303747177124,-1.0516247717871916,2.632287919977192,0.567745125321108,3.749626842600761
10.54381799697876,-0.9935459970384304,2.699195707256661,2.8311430011021024,3.261527373725078
10.561330556869509,-0.941554801073876,2.705876207509817,2.968794755815471,0.3814690881762943
10.579338073730469,-0.8176207264708472,2.6631959369909004,6.882352273216682,-2.3701363629675125
10.596338033676147,-0.7419838739067723,2.615662620379898,4.449237104426311,-2.796084035661804
10.615330457687378,-0.5764875107484794,2.445873414524521,8.713809414766267,-8.939838630128433
10.632850885391235,-0.4920583265035477,2.333316219212626,4.818899725053124,-6.424340616246115
10.65185570716858,-0.3138792623690767,2.037225186677122,9.375466195998946,-15.579784751703574
10.669849395751951,-0.2205861958945474,1.8502650827624367,5.18476609408096,-10.39031564030926
10.687857866287231,-0.0082163348516141,1.3693520130381287,11.792776106494108,-26.704825864151356
10.704857587814333,0.1174902663373522,1.0599582128480232,7.39462708189513,-18.19993343402093
10.723861455917358,0.4490619335305287,0.2046843899735668,17.447588322314054,-45.00524936490218
10.74085807800293,0.6468461879024522,-0.3146925780576152,11.636680122447729,-30.557658187392992
10.760366916656494,0.9215869250473608,-1.091339758254517,14.082885302591334,-39.81001606443655
10.777366638183594,0.9954562971226836,-1.3598705889952258,4.345328360677329,-15.796189973620349
10.794370651245115,1.037929520742216,-1.5810920760057163,2.4978352737002085,-13.009957485334384
10.813370943069458,1.0355252873958436,-1.906715715957784,-0.1265366536787762,-17.13782309042848
10.833922386169434,0.9314553604085392,-2.114794993850726,-5.063874418990458,-10.12480130376778
10.850922584533691,0.8512388616709367,-2.1786262654160664,-4.718562514320678,-3.754736868220486
10.8694326877594,0.6468461879024522,-2.212317510545124,-11.042222254309792,-1.8201543620926248
10.886439085006714,0.5295011043258531,-2.179865361258635,-6.90005542444503,1.9082318738387285
10.902437448501589,0.4106574596983567,-2.1196934128488487,-7.428487586594833,3.761131470045007
10.92043685913086,0.1765326742522215,-1.9127074089635496,-13.007358422357326,11.49959896735048
10.94096040725708,0.0590225572721339,-1.768058510422626,-5.7256238666625965,7.047947930412755
10.959965229034424,-0.1706307961071214,-1.3814911734558692,-12.083951960708855,20.340487350825672
10.97795796394348,-0.4219777463139175,-0.8379226749774554,-13.96935771449992,30.2104433387044
10.997960805892944,-0.570272811173626,-0.4829234627248179,-7.413699774980751,17.74743874643122
11.018955707550049,-0.8996524913588879,0.3633690765283379,-15.688555515276857,40.30943097877182
11.03696060180664,-1.0256658591780636,0.7172732888367491,-6.998839650115734,19.656000599883715
11.053970336914062,-1.1692641653413167,1.223686203003807,-8.442124774805968,29.771945945595245
11.07297706604004,-1.1932414787676375,1.4043190667314975,-1.2615170799456985,9.503626980237176
11.09097695350647,-1.1634764102461226,1.658719294476403,1.6536252561037423,14.133434346151097
11.111969709396362,-1.1113677150487264,1.741753992174328,2.482222699616348,3.95539766829298
11.130968570709229,-0.941554801073876,1.80817212988168,8.938057453993382,3.4959009707793705
11.14998745918274,-0.7104720936606087,1.7271042511365962,12.150168908930528,-4.2624929873264605
11.16797661781311,-0.5801592694712361,1.6328066563608572,7.243964371372294,-5.241912460349109
11.1869797706604,-0.2912749741420801,1.3091925812193612,15.20191400083132,-17.029493881466372
11.20596957206726,-0.1338348953101557,1.0779527031691858,8.29077015913641,-12.177056152184749
11.223978281021118,0.2487388522163399,0.3757782350675693,21.243818671662705,-38.99082771012368
11.243974685668944,0.4732200136173059,-0.0862721432113417,11.226076154913107,-23.10667274524865
11.260974645614624,0.8575973681763827,-0.8613344721630679,22.61048589451431,-45.59200912404164
11.276970863342283,0.9991728461472836,-1.123502399932863,8.850559574847782,-16.389369801865513
11.296969652175903,1.209550642960664,-1.5050531699497345,10.51952688553484,-19.07869387447508
11.313970804214478,1.282386443073958,-1.6410113466726033,4.284168505053986,-7.996997874872883
11.330970287322998,1.3392846768960198,-1.7554901666877087,3.3470566992441797,-6.734252993711685
11.351970434188845,1.403691324999025,-1.9088924859756893,3.066961793860506,-7.3048212599636
11.371975421905518,1.3992798269860476,-1.9816410431973488,-0.2205199061082322,-3.636520964270388
11.393986940383911,1.3250837299141855,-1.970111555078532,-3.3707850344215333,0.523793400720371
11.414970636367798,1.263886922435662,-1.933818539258234,-2.9163979274917238,1.7295816641723596
11.434975862503052,1.100530662301039,-1.7829572082274223,-8.165679259518637,7.541096012154467
11.458980798721312,0.8863914847861569,-1.5182342958550823,-8.920630972223785,11.027853186752168
11.479970932006836,0.6043958047636296,-1.074319808800898,-13.4346779120754,21.14872168822129
11.500975131988524,0.433123094378381,-0.764251038006229,-8.15421251628516,14.76222712909673
11.519975185394289,-0.0082163348516141,0.1265189486950831,-23.228325721240346,46.88249910030192
11.538975238800049,-0.2346877739834407,0.5855157742679441,-11.91951592426312,24.157659758665275
11.557974576950071,-0.5801592694712361,1.2119322335051643,-18.183343691230185,32.97043582733514
11.574970483779907,-0.7167689394410185,1.4191526083072956,-8.037798237984152,12.192369426171735
11.592976808547974,-0.953917951606824,1.7166867696492691,-13.170317386831831,16.52386953886559
11.613970756530762,-1.1353361346780928,1.86967556517271,-8.641451489734308,7.287280870128328
11.636975288391112,-1.263631447868532,1.918762417199189,-5.576958225851006,2.133790521122517
11.65497088432312,-1.3057097782817366,1.9102854499419213,-2.338257125365013,-0.4710578793442717
11.670979261398315,-1.3283381997505137,1.8751270406397609,-1.413536260576933,-2.196250696557988
11.68798279762268,-1.324003422361577,1.7518868060382755,0.2549338756208307,-7.247917902211903
11.706974744796751,-1.296017443069739,1.6524036171144392,1.4735708263786729,-5.238177423937363
11.72397756576538,-1.179174643642528,1.3814895692934923,6.87196551929818,-15.933476469628951
11.741512775421144,-1.0914576132922742,1.1996432109301431,5.002337130393639,-10.370355526578953
11.762511014938354,-0.8398490000898595,0.6815899135977336,11.98236704539803,-24.671272889699623
11.783509016036987,-0.4599523992802891,-0.1205305471500259,18.09203642885349,-38.199848498911926
11.801564455032349,-0.261679143666272,-0.5250071255022302,10.981358894954369,-22.40192434291514
11.81956171989441,-0.0844974395637334,-0.8556734042735011,9.844923962643325,-18.373140658075098
11.836103439331056,0.2215233624793664,-1.3229381981585415,18.499939091286976,-28.24765561250488
11.858111143112184,0.4892782659241646,-1.5966100752161865,12.166417092291278,-12.435276291401385
11.877113103866575,0.6106391141906934,-1.6722187389764969,6.386753968979858,-3.9789927333064607
11.895106077194214,0.8257790545302373,-1.725431545889125,11.956886525758073,-2.9574215413799707
11.91210961341858,0.908900037150186,-1.6885955264968724,4.888452703199492,2.1663740357413626
11.92864751815796,0.972954013198392,-1.6241958514731032,3.873161507314855,3.8940649398240494
11.947640180587769,1.0317098359141148,-1.3862222895062877,3.093606435267532,12.529763157023664
11.965647220611572,1.0216859753167158,-1.2131934264645867,-0.5566634263126177,9.60895643109429
11.983657836914062,0.9054288861197424,-0.7193089916787601,-6.454920100701899,27.42185089565979
12.000645637512209,0.793934934921732,-0.3697534496734103,-6.563177531656928,20.5768569030372
12.017642498016356,0.4932983650731266,0.472638219457351,-17.687770619473767,49.56160397533776
12.035642147064207,0.3607242408439027,0.8292259195210909,-7.365372729033729,19.810814039527187
12.054640531539915,0.1536680982550986,1.359008987998661,-10.898618398504,27.885690446730838
12.072656631469728,0.0635017881370625,1.5663170959299677,-5.004762988067484,11.506824936527629
12.089643716812134,-0.1022523774278104,1.8893306470899351,-9.75765778671152,19.01524273582025
12.107646226882936,-0.1837624244682637,2.016358052715685,-4.527704565634917,7.056094129439334
12.124646663665771,-0.2672401786265836,2.113908154601477,-4.910329965321614,5.738093857934005
12.14264702796936,-0.4399968771205049,2.2532513309597846,-9.59740011814525,7.741130902029901
12.160639762878418,-0.5219648764710176,2.285552607323265,-4.555616462133817,1.7952399413843587
12.177641153335571,-0.6693786506098753,2.2811502473416416,-8.670689289230074,-0.2589411726481213
12.196640968322754,-0.7356770059562355,2.240639278235267,-3.489421101788909,-2.132177030866009
12.215640306472778,-0.8209622686521841,2.0934313834501594,-4.488854402322379,-7.748053833386743
12.233641862869264,-0.8398490000898595,1.980628396910588,-1.0491721394358924,-6.266290761481135
12.252640008926392,-0.8209622686521841,1.6749896560060622,0.9941355004262792,-16.087819305391488
12.270646572113035,-0.7798338675532124,1.4759502090089651,2.2840783481366653,-11.05371663287272
12.292647361755373,-0.6122933348654416,0.9374402984621892,7.615205427235613,-24.47684466336488
12.313726425170898,-0.2941078277539181,0.0734606450935752,15.094859806586111,-40.98757313535031
12.33276391029358,0.0545420664688288,-0.8377696997342742,18.31386299062035,-47.86505880139799
12.35164213180542,0.1809751150410469,-1.164583773653978,6.697296590831747,-17.311698229344287
12.371643543243408,0.3664370850343642,-1.644118667078656,9.272444125671704,-23.975052706225867
12.390708446502686,0.4390240973401844,-1.834609626178362,3.807363264248301,-9.991708665346067
12.408639669418337,0.5518223554256378,-2.1217552665975754,6.29060597908295,-16.013723200585947
12.428646087646484,0.5981689573303602,-2.235216063162075,2.31658667614535,-5.671219869074719
12.446640253067017,0.6756483094745768,-2.397858914167509,4.305804150039033,-9.038643760596454
12.465641736984251,0.7016824067091402,-2.4465983511816,1.370108637196896,-2.565033195637884
12.484641313552856,0.733337888454237,-2.4922576850134512,1.6661151173972455,-2.4031763901150778
12.502642631530762,0.7396902952941886,-2.485502564593837,0.3528856524699221,0.3752569910661845
12.523643016815186,0.733337888454237,-2.4196495765900576,-0.3024900140600409,3.135799039488242
12.543641090393066,0.6918429489351444,-2.2751535211079865,-2.074946837128782,7.225498742133489
12.56464147567749,0.6143968913882112,-2.050339834759773,-3.687839841889742,10.705217228321969
12.582648277282717,0.5657492009688913,-1.9071404568007768,-2.7016286115578114,7.952516004699472
12.601654291152954,0.4248559869344845,-1.524359312059001,-7.413085931449604,20.140001336164268
12.618648052215576,0.333747331678054,-1.2789853940138758,-5.361300239581742,14.43905896645962
12.638641357421877,0.0724557539024638,-0.6053225599551446,-13.068953586186996,33.694420562663936
12.658644676208496,-0.1110997642929631,-0.1326908589994771,-9.176253208452348,23.627664288976877
12.67664098739624,-0.4638861017222562,0.794683529437127,-19.60325834271792,51.53135988602849
12.695646286010742,-0.5801592694712361,1.1197018603805864,-6.117934272301191,17.101458784523118
12.713639736175535,-0.7261204245266116,1.5864446576608997,-8.111904816395679,25.93959429712477
12.730647087097168,-0.767218876637282,1.7702480545961703,-2.4165110898252364,10.807291375489866
12.75164556503296,-0.7891916181109985,2.0434119885661515,-1.0463968646158306,13.00874924388614
12.768649816513062,-0.7798338675532124,2.13652005312659,0.5503182876785861,5.47557560351238
12.788645505905151,-0.7167689394410185,2.2619251413189474,3.1539261725650696,6.271606131367822
12.805646896362305,-0.6693786506098753,2.290036269374215,2.78743606004318,1.6534605287792792
