Time,Angle1,Angle2,AngularVel1,AngularVel2
2.6608073711395264,-1.1568859699108025,1.5824030541706964,-13.53724512159413,8.027663825776955
2.6768031120300293,-1.3561743302332612,1.6406870513700418,-12.458838992620914,3.643719762549421
2.692753791809082,-1.6620590573647211,1.564794913137021,-19.17690853108115,-4.757925009107536
2.708754301071167,-1.7560919497315697,1.4380112824026483,-5.876868718776971,-7.92372471761264
2.7243101596832275,-1.81480683134791,1.270574588286703,-3.774454569214106,-10.763577780665264
2.7403149604797363,-1.8105643973360457,0.7854402173105401,0.265072590768498,-30.31180313609325
2.756317138671875,-1.7465783720432813,0.4605173798637701,3.998582225774651,-20.30491309029377
2.7714602947235107,-1.6445743314462071,0.0694681396095551,6.73598292517469,-25.823496695193494
2.787391185760498,-1.4012565455480084,-0.7286512193496506,15.2733318766213,-50.09885241862393
2.803389310836792,-1.2971008235823147,-1.0566028674629968,6.510495540507546,-20.499380180450373
2.818400621414185,-1.1989349171697046,-1.350321067598263,6.539462754201524,-19.566459478735556
2.8334786891937256,-1.1014148356791749,-1.6238455907616596,6.46767761734377,-18.140555352492434
2.850480079650879,-0.9032175386440062,-2.131254143694856,11.657711028675148,-29.845120857141712
2.866480827331543,-0.7891916181109985,-2.381964546015231,7.126287021624695,-15.66866794751994
2.883478879928589,-0.6631024161856421,-2.615268915577005,7.417861617116625,-13.725358727406228
2.8994784355163574,-0.3619920276190027,-3.0821352205484867,18.819922023136336,-29.17995455626245
2.9160289764404297,-0.1934533989308913,2.9665329383729904,10.183270109496965,-14.169757310893146
2.9305403232574463,-0.0305873337660286,2.720303422005949,11.223359707307056,-16.9680677797806
2.9475529193878174,0.2682593672719723,2.168819022299824,17.566202050990693,-32.41624003062115
2.9630603790283203,0.4123472319046826,1.854565436345967,9.291519563679952,-20.264672179644297
2.979593276977539,0.5641832704177288,1.5039153436366317,9.183873207190576,-21.20923348020213
2.99659276008606,0.9286520692720576,0.5778807328407732,21.439993000237116,-54.4742804757228
3.021583318710327,1.397484789749524,-0.6774226233336681,18.760393776159816,-50.23110427613467
3.0361263751983643,1.54394759719689,-1.1308110036248362,10.070978378433994,-31.175590953945505
3.051119089126587,1.6347866744566415,-1.4915896061402298,6.058881513690066,-24.063595439932666
3.066119909286499,1.6710385071681155,-1.7896650746016525,2.416656711101217,-19.870611425500154
3.08264684677124,1.5848035349361185,-2.267230080862502,-5.217843433583218,-28.89615857153027
3.096646785736084,1.4565419988334571,-2.450087995871887,-9.161578234358595,-13.061336586436026
3.11165189743042,1.2795620543500548,-2.6016195289286115,-11.794643591370798,-10.09866078597228
3.1276471614837646,1.0634839796515243,-2.7103366627770966,-13.508878251581397,-6.796832705350155
3.1436522006988525,0.5579928538455242,-2.8044510540600096,-31.58324818907508,-5.880297449955118
3.157651662826538,0.2923124986331018,-2.794807332628957,-18.977897349856672,0.6888637108408026
3.17364501953125,0.0321270015175369,-2.749921087674191,-16.268348284816895,2.806555608275875
3.1886446475982666,-0.2162513382109485,-2.67520007805041,-16.558966570288266,4.981524161128284
3.2031750679016118,-0.6470982155808283,-2.4403092736148437,-29.6513705987365,16.165451482604233
3.218174457550049,-0.8268277689188099,-2.29152741587507,-11.98245778998776,9.91919412902726
3.2337474822998047,-0.9798373386602042,-2.1253022435660887,-9.825295483704474,10.673916915953471
3.247751474380493,-1.113223366740637,-1.956507615810779,-9.524857434357765,12.053322137198125
3.263754844665528,-1.324003422361577,-1.6037864269935738,-13.170979104198729,22.040431642518357
3.2792651653289795,-1.410017272600525,-1.4310941060990967,-5.545588134849263,11.13402647447527
3.294769763946533,-1.4812857542877922,-1.2603948415402295,-4.59660281734608,11.009589397922744
3.309775829315185,-1.5475588579989832,-1.0848170935817172,-4.416421099273328,11.700452026904689
3.3257765769958496,-1.6401929861341715,-0.7549269411912727,-5.78936247130072,20.61717108314237
3.341770648956299,-1.671335804005874,-0.5969714888766892,-1.9471475399581528,9.875874805689389
3.3567683696746826,-1.688781980722995,-0.4511021808971712,-1.1632552068885873,9.726098433124934
3.3757827281951904,-1.6931300314714888,-0.1732088423224624,-0.2286719661777865,14.614920523087262
3.390768527984619,-1.6757051324488463,-0.0497340664701802,1.1627606979598324,8.239451853573
3.4057719707489014,-1.6401929861341715,0.0559666073915473,2.3669331681136656,7.045094617440915
3.420769214630127,-1.5871779995909394,0.1400583564412393,3.534981958224974,5.60714686749629
3.4357686042785645,-1.4193456515027012,0.2312154158209929,11.189278498790213,6.077384581395251
3.450769186019897,-1.3067492177865774,0.2374469541291655,7.506137805700733,0.4154197760878909
3.4657773971557617,-1.1667590419719975,0.2015073787820717,9.327572390026775,-2.3946608307775645
3.481309175491333,-1.0080572435187536,0.1339466415571554,10.217876860229255,-4.349839134015128
3.4978339672088623,-0.6380769474772793,-0.0745478642226989,22.38940752572413,-12.617073143420374
3.5128333568573,-0.4439728412196034,-0.1746227603722219,12.94080031302446,-6.671931224878071
3.5288403034210205,-0.2488130500021553,-0.262406092486668,12.192193585488212,-5.484077288881848
3.545842170715332,0.09510775116463,-0.2871187066605097,20.22841345678861,-1.4535235304483334
3.560839891433716,0.2409380066055363,-0.2269307984643149,9.723494534883,4.013137017708177
3.5758395195007324,0.3679360913256069,-0.1250743804787752,8.466748918883713,6.790596242150605
3.590832471847534,0.4751627017998944,0.014074248639254,7.151800925797022,9.280935862356152
3.6068410873413086,0.6783769823471679,0.2976781166309029,12.694057186038448,17.715702404242236
3.620832920074463,0.790536651246007,0.3892142507532523,8.016081312426753,6.542111806800708
3.6368391513824463,0.9060196136644896,0.460803010270264,7.214875269288606,4.472555602848597
3.651833057403565,1.0268284241980588,0.4937864759940758,8.05719406026796,2.1997914137487737
3.667837858200073,1.2609078865830656,0.507954851860165,14.625577997576068,0.8852578701997826
3.6828341484069824,1.3699424141457588,0.4923409884403976,7.270766706852481,-1.0411817325710078
3.696833372116089,1.4667849184471624,0.4823820832386623,6.917705318074738,-0.7113898176551805
3.712840795516968,1.5532210285287609,0.4657711812048752,5.399751597552707,-1.0376999232040696
3.7278337478637695,1.6842010206214826,0.4617051846069502,8.736104074969724,-0.2711938585459723
3.742841005325317,1.725031180717593,0.4841338371092366,2.7206943174478786,1.4945204051942131
3.757369756698608,1.7524605936645772,0.5157654439386073,1.887940143115743,2.177173111209051
3.772362232208252,1.7620996367125774,0.5641091526450182,0.6429253822559285,3.224531444144421
3.786877155303955,1.7531559185146854,0.6370506389390471,-0.6161739982307997,5.025275422618115
3.802447557449341,1.689098940638366,0.8312638515758797,-4.114022057889014,12.473230352267253
3.81789231300354,1.6347866744566415,0.9464461022283084,-3.5165507146506823,7.457693341162154
3.83287501335144,1.5666316026424578,1.0729200611612026,-4.548917767265822,8.441332736833235
3.847882270812988,1.4847758292938449,1.206840795143708,-5.454412543953938,8.923731356354876
3.8638741970062256,1.2709579027464342,1.4863764601951128,-13.370367269318091,17.479799598475854
3.878876209259033,1.1469859618850666,1.6144319528733715,-8.263687482202014,8.535887754277308
3.8938817977905273,1.0003612240659137,1.7389439227550687,-9.77134202443396,8.297706525829899
3.90888261795044,0.8419717224539505,1.8378281159804857,-10.558722784720803,6.591919119840734
3.923881530761719,0.4852420223011586,1.9676675266979968,-23.783703835155865,8.6565881374996
3.939874649047852,0.2966604739967799,1.970252194253869,-11.791418341968525,0.1616112323832316
3.954885005950928,0.1174902663373522,1.9245990621279243,-11.936438874595256,-3.041442146961144
3.969877243041992,-0.0443049429206591,1.8181940017950944,-10.79193240309968,-7.097343757740399
3.9858744144439697,-0.2531124215955116,1.405974188058551,-13.05277498302232,-25.7682938676012
4.000874757766724,-0.2771122971795374,1.0741801049177828,-1.5999550855359823,-22.119099276712703
4.014883041381836,-0.2260313694959187,0.619871685554992,3.646480117557869,-32.43141214478821
4.03240442276001,0.0276427266427251,-0.5980778293717074,14.477973549199872,-69.51218563416948
4.047398090362549,0.0816442270186927,-1.0504929969961632,3.6016204845586204,-30.17374931986906
4.063407897949219,0.0681610791210712,-1.3815027837588223,-0.842180508705666,-20.675438163183458
4.07891845703125,-0.0038783611747165,-1.6287220252771035,-4.64454181920782,-15.93877049891005
4.094925880432129,-0.2574011587404782,-1.9514721155316976,-15.837826689324764,-20.162525983842805
4.110477447509766,-0.4200381754522259,-2.02819207737484,-10.45791822134896,-4.933262446166324
4.125468969345093,-0.5838123663084898,-2.072418735925193,-10.924454011755769,-2.950111338672398
4.140469312667847,-0.7514662115020166,-2.075683957579063,-11.176667199290968,-0.2176764613725065
4.156475782394409,-1.0477075679082917,-2.0266155367848504,-18.507601080497277,3.065536725614403
4.171469211578369,-1.1708842690331254,-1.9870900573527108,-8.215378857867197,2.636186755357081
4.186468839645386,-1.2788432961336902,-1.9452781793688316,-7.197446937898485,2.7875276504903184
4.201468467712402,-1.3743712178003158,-1.89893035005067,-6.368686026067974,3.089931904383539
4.216471195220947,-1.4989346557565193,-1.840826952733905,-8.302719481191497,3.872855604667339
4.232471704483032,-1.5387483423053614,-1.832972726876004,-2.4882762102569567,0.4908734921651738
4.247468948364258,-1.5608508674099426,-1.828984722024339,-1.4737724664363452,0.2659158498220854
4.262469291687012,-1.5696960379035694,-1.8521164475091745,-0.5896645365582794,-1.5420797369182353
4.278475999832153,-1.529938510463312,-1.9474045499789876,2.4838041076125075,-5.953010550688087
4.293476343154907,-1.4901060703907012,-2.0084485713785813,2.6554352267517345,-4.069508282986881
4.30846905708313,-1.4281083037787086,-2.094209641105592,4.135193061696889,-5.72018315947267
4.323470592498779,-1.3474911408201204,-2.18289740331854,5.3739274497521965,-5.911912331349102
4.338469743728638,-1.1289705597529571,-2.387559018871078,14.56886311221132,-13.64487979460623
4.354472637176514,-0.9859673785453812,-2.488819331434778,8.936082819857592,-6.327625244367304
4.374001502990723,-0.6283243436746639,-2.6769500988909125,18.31355892724196,-9.633471254600586
4.388998508453369,-0.4200381754522259,-2.746959281256314,13.888517193730642,-4.66821076646106
4.403996706008911,-0.1890825870820151,-2.804910337852852,15.398889600895425,-3.863868066941433
4.419989585876465,0.0545420664688288,-2.839748546013921,15.233319800338691,-2.178357397140748
4.434993743896484,0.5479099166527709,-2.8321868355328856,32.88207505717137,0.5039743297121996
4.451992034912109,0.7874054815184953,-2.784207023984808,14.089390789084485,2.822625610067146
4.466991901397705,1.0066628828961182,-2.702465811443556,14.617290199761086,5.449462674867696
4.481992244720459,1.201900294832024,-2.5791715419858763,13.015529560563564,8.219429836026164
4.497991323471069,1.4565419988334571,-2.229970133406993,15.91602291423929,21.826344755354224
4.513989448547363,1.507367474205792,-2.008755218642716,3.176964496148866,13.827552523143684
4.529996395111084,1.5077791662368758,-1.752974987841599,0.0257195855215148,15.97932683681446
4.545990705490112,1.36006822365087,-1.0755555025140895,-9.235217967239384,42.3537788922578
4.560991525650024,1.1977163912995867,-0.600913052132984,-10.82286372482147,31.641099974622087
4.574997663497925,0.96398747135812,0.0286164741027971,-16.68760671068964,44.94668930665648
4.590000629425049,0.7298996581517314,0.6503699498699061,-15.602769102019936,41.44203744694469
4.606002807617188,0.3821917861087498,1.5266346744612227,-21.72878391104273,54.75909054817273
4.623511075973511,0.2409380066055363,1.8589792040056297,-8.067832673594966,18.98214733636855
4.637516260147095,0.108911301544177,2.1490132896050937,-9.42698813703448,20.709051877126665
4.653509378433228,-0.1618374312384233,2.6618681448637007,-16.92907711545903,32.067220793539
4.670517206192017,-0.2997574851575024,2.8822187624529296,-8.109210410353946,12.955835437324398
4.685027837753296,-0.4439728412196034,3.0902244067479434,-9.938599533250546,14.334706481698818
4.699021100997925,-0.5801592694712361,-2.9934700333376054,-9.732285162569614,14.2562076912695
4.714021921157837,-0.704178997987093,-2.8001372987754265,-8.26752985461987,12.888144281526516
4.730026245117188,-0.9023097038825532,-2.4245785726439126,-12.379823502616718,23.466078735059117
4.745019674301148,-0.9822046650723276,-2.237543434798535,-5.328664991144677,12.47447368781177
4.760019302368164,-1.0438068784720422,-2.052523726577401,-4.106916059817154,12.334953066468554
4.775019407272339,-1.099305383717759,-1.8727474886251456,-3.699874474229218,11.984998711723671
4.791098356246948,-1.1807522404406288,-1.510946533055168,-5.065434118329762,22.501530177209077
4.80601978302002,-1.2144101527501967,-1.3250167463385287,-2.255676539612847,12.460590367416271
4.822022914886475,-1.2466077910824718,-1.129227315561264,-2.0119585716697155,12.234444633157604
4.83602237701416,-1.274574169633292,-0.9335441478943272,-1.9976752175009245,13.977906142547488
4.852029323577881,-1.3292807805726143,-0.4797275703803104,-3.417679363240544,28.351227119267044
4.867020130157471,-1.3569935225602543,-0.231790482114095,-1.8486491597704404,16.53927605228291
4.881528377532959,-1.3794531476483078,0.0292188615041861,-1.5480591491705014,17.99041171983717
4.896530866622925,-1.383801959248255,0.2736932801681704,-0.2898726720525411,16.295590498212537
4.913083553314209,-1.3024575660889282,0.6121238993901124,4.914271300873415,20.445660908941303
4.92807674407959,-1.2144101527501967,0.701633379122337,5.872493368258351,5.970008728155533
4.943075656890869,-1.0933939870823333,0.7338526395437349,8.068329164288384,2.1481063878955786
4.95760178565979,-0.9404100496692948,0.7033830043216417,10.531638528521944,-2.097574357683236
4.973675489425659,-0.5394269743541754,0.4161522724980218,24.94652639838777,-17.86960466656881
4.988645792007446,-0.2997574851575024,0.1629989184018968,16.00966232227365,-16.91036989486851
5.00365161895752,-0.0439834124466259,-0.1248789490457567,17.044983496202992,-19.184405391683423
5.018165826797485,0.2038774243794001,-0.3807097853272514,17.07711778410152,-17.626234866021953
5.03417444229126,0.6231734188419035,-0.6723025834689572,26.191896146519557,-18.214741821683653
5.050166845321655,0.7906804002182386,-0.7042818508597914,10.47415957801762,-1.9996536686859216
5.064173698425293,0.9222816815664164,-0.6573355796725855,9.3954923618068,3.351664420255369
5.079174041748047,1.016733595872101,-0.5396123524276085,6.296650168160585,7.848035522387245
5.095173597335815,1.0922208305080494,-0.0970116299951117,4.71808321311481,27.66331352171176
5.110170364379883,1.0922208305080494,0.1844676685329293,0.0,18.76933193007037
5.12517523765564,1.0922208305080494,0.4509749499396701,0.0,17.761381686397367
5.142685413360596,1.1063438362667926,0.8928178793088631,0.8065599110319487,25.233494901146795
5.160210371017456,1.1226216598734018,1.0725479550322132,0.9288366868171624,10.25566390758112
5.1752095222473145,1.1429048566673845,1.2282748083336328,1.3522896384700431,10.382377703574212
5.1892030239105225,1.1631813805794824,1.3697020094535648,1.4489957124462511,10.106634102297296
5.205204725265503,1.1875878621358358,1.638921019666017,1.525242911045641,16.824399121075892
5.220203161239624,1.1935472671525376,1.7756951564737988,0.3973350972717673,9.119226634282224
5.23521089553833,1.1917562242915438,1.906800621890368,-0.1193413226370993,8.735859977736482
5.250204563140869,1.183434583936199,2.0476686421606987,-0.5550103267552474,9.39516761372485
5.265714645385742,1.1287186445967108,2.3497156479628813,-3.527765905791696,19.474236244106716
5.280719995498657,1.0860495931268832,2.509077986247377,-2.843589196436177,10.6203678744779
5.295722723007202,1.0292784409137428,2.6849356785153646,-3.784055411311442,11.721714746057073
5.311712741851807,0.9576553292601132,2.861308837260211,-4.479238726963566,11.030203307381344
5.32672381401062,0.7745983000189847,-3.0273462262074675,-12.194800431603404,26.28261589431278
5.341721534729004,0.6620943087222255,-2.809378146265602,-7.501405940894397,14.53341371230405
5.3557209968566895,0.5479099166527709,-2.578658642727957,-8.156341367118802,16.48059771392007
5.370713233947754,0.4266033843757486,-2.3212017785314725,-8.091289614764857,17.172678275607833
5.386722803115845,0.1625646248703524,-1.7146068798118572,-16.49255871492533,37.88952047058448
5.401714086532593,0.0052249581313973,-1.3369734071725736,-10.49541005696534,25.190203009396573
5.4167139530181885,-0.1837624244682637,-0.8776368937984083,-12.599270985588085,30.622706796441417
5.431716680526733,-0.4280527637005808,-0.2622809029982353,-16.283061802807495,41.01627457072003
5.446713924407959,-0.9146823056005008,1.0010808549589478,-32.44793148353817,84.23959548585673
5.462721109390259,-1.0597065985849734,1.4147495370279242,-9.059949837828176,25.842687675965323
5.477721214294434,-1.160998419917275,1.7533350887391006,-6.752740862772909,22.57221225279177
5.492712736129761,-1.2171836615125264,2.042723900572061,-3.7478010713263537,19.30349800452032
5.5087199211120605,-1.204597905240488,2.537564940570229,0.7862566894775872,30.913682858375548
5.523712873458862,-1.1370963132293237,2.7444240214562776,4.502221473782231,13.797087865097836
5.538723707199097,-1.0377807195862498,2.9327655820935714,6.616260986015221,12.547041949606797
5.552721738815308,-0.9094473695593098,3.100809036045881,9.16795686318631,12.004791713550675
5.567713737487793,-0.7609100004232008,-3.0319244914413037,9.907776299948454,10.035471785928324
5.583713531494141,-0.4599523992802891,-2.746651827859358,18.81009224390712,17.829771025099955
5.59771990776062,-0.3153812137779793,-2.597694906476555,10.321812205509728,10.634936442432402
5.612712860107422,-0.1847033462942487,-2.43380054840894,8.715952966502046,10.931426598082666
5.628713369369507,-0.0755925625303726,-2.249824415049436,6.819206937520828,11.498142361971988
5.644719362258911,0.0456587951967798,-1.7722472566700875,7.575372459862763,29.837396635075145
5.6597208976745605,0.0455780230148949,-1.467704403357862,-0.0053842609870891,20.300778878576
5.677714824676514,0.0007433868166536,-1.0983196999942115,-2.491653778153861,20.528298426661188
5.693721294403076,-0.2757741980800197,0.0119601302448755,-17.27536362610904,69.36444132940782
5.7097132205963135,-0.4439728412196034,0.6449730161161498,-10.517722574952348,39.58327960136309
5.725713491439819,-0.531902214896517,1.1061659126969785,-5.495492828648089,28.824068110573037
5.74172306060791,-0.5196416543447124,1.7342630844937648,0.7658270140236809,39.232609272750864
5.756231307983398,-0.4360048823580818,1.9409671546371128,5.764774326079878,14.247349441571798
5.7727484703063965,-0.3096652712157389,2.1002734512552514,7.648990103247402,9.644895019062956
5.787746429443359,-0.152210773149754,2.2103292024491474,10.498394923475544,7.338048476386398
5.803276062011719,0.2038774243794001,2.283687117634213,22.929595788033065,4.723737980416075
5.818268299102783,0.3821917861087498,2.2640597794195902,11.893779470418531,-1.3091667437890864
5.832268714904785,0.5479099166527709,2.217014060282312,11.83665777414444,-3.3603087081564547
5.847269058227539,0.7038000985139291,2.1408836141998537,10.392440926647964,-5.075246908980838
5.863269805908203,0.9612957154740334,1.9618868881886269,16.09272404634392,-11.186772617352974
5.878274917602539,1.0595771843060735,1.85931477740018,6.549865861321045,-6.835811214065485
5.893267631530762,1.1429048566673845,1.762020219546651,5.557877830540935,-6.489456033065465
5.907275915145874,1.2120305526169977,1.6606590185458197,4.934629955310123,-7.235804455835093
5.922276973724365,1.2609078865830656,1.5697717987377675,3.258258989545523,-6.058720411795982
5.937267541885376,1.3182714015865558,1.4111213958302258,3.826640484027017,-10.58334822292986
5.952275276184082,1.3226331548490986,1.347255503703289,0.2906336943157974,-4.25553190480213
5.9682700634002686,1.3182714015865558,1.285262509989784,-0.2726984237795177,-3.8758248469081686
5.983268976211548,1.2609078865830656,1.1958158598200503,-3.824511531285943,-5.963542244373151
5.999271154403687,1.2120305526169977,1.1591491123840196,-3.05441755361028,-2.2913597758862503
6.015267372131348,1.157145443828888,1.1181457379989932,-3.431130391104939,-2.56331684671447
6.031270265579224,1.0922208305080494,1.0767444536172073,-4.057054652791919,-2.5871124191782333
6.048268795013428,0.951311487287074,0.9429473346895444,-8.28950196935509,-7.871099641033587
6.0627806186676025,0.8804626600960808,0.8457173794628527,-4.88214499289421,-6.700050768513877
6.0777809619903564,0.8130408900401727,0.7215580922777386,-4.494681795291747,-8.277096364639727
6.092790126800537,0.7587811029717131,0.5512767174681829,-3.6151103512205656,-11.345159904837242
6.109781980514526,0.6847176623543778,0.0958670964567744,-4.358761666854479,-26.801644404251984
6.124788045883179,0.6494670144733141,-0.152041786471908,-2.3490933176062434,-16.520578635260637
6.139788627624512,0.5943719441662308,-0.3657749538354095,-3.6728622434203886,-14.248325234919076
6.154781818389893,0.3821917861087498,-0.5864137203154142,-14.15176805109444,-14.715931380627636
6.171294212341309,0.2312056091793131,-0.592451293013546,-9.143809030579057,-0.3656388477586029
6.186293363571167,0.0545420664688288,-0.5309290243914092,-11.778235981700416,4.101716669118326
6.202296257019043,-0.1433968988261995,-0.3981209870549544,-12.368948524199563,8.299001538005117
6.219294309616089,-0.5677671488360083,-0.005234279646887,-24.96581579489643,23.113630527084464
6.23530125617981,-0.7734281345735359,0.2004267060906432,-12.848233416587547,12.84823341658772
6.250294208526611,-0.9600770651330276,0.3669420438241085,-12.449111171843816,11.106240711088882
6.266297817230225,-1.2563538422861829,0.5498355729348778,-18.51312304869477,11.428267992423216
6.281293153762817,-1.3656688286574628,0.5694708018815505,-7.28993218216082,1.3094223596779562
6.296301126480103,-1.4548879621673636,0.5588619281657384,-5.944782495982576,-0.7068825294167492
6.311824083328247,-1.516728034892354,0.5023031192524592,-3.983781783969989,-3.643558985995619
6.328326940536499,-1.5695791654119904,0.2990826509207945,-3.2025442535616904,-12.314259631965305
6.343326807022095,-1.5651764707651468,0.1594009114341813,0.2935155890268426,-9.312198853286386
6.35832667350769,-1.5387483423053614,-0.0089714361572966,1.7618909131734053,-11.2249230853598
6.37333345413208,-1.4991292007134052,-0.1904346406790432,2.6400826788635494,-12.092080844230171
6.388336420059204,-1.383099492926087,-0.5631696964447845,7.733784663040986,-24.844091333425585
6.403345108032227,-1.3067492177865774,-0.7583360047281257,5.087071919727175,-13.003555582882733
6.41832709312439,-1.224196334580049,-0.9454501667883785,5.510143195223899,-12.489277015642616
6.434326887130737,-1.1370963132293237,-1.1093618869851614,5.443821421461431,-10.2446144076451
6.450327634811401,-0.9280640270954796,-1.4319239178104153,13.063907406429928,-20.159184887031916
6.466331243515015,-0.8080275087524517,-1.5770676917419864,7.500590683395448,-9.069440313096424
6.480837821960449,-0.6727870077350332,-1.702752089129291,9.322701526491286,-8.663958759128322
6.497838973999023,-0.3719643172968868,-1.8812585554243932,17.694253292694775,-10.499668839504851
6.515836954116821,-0.2075536398339383,-1.924835608863582,9.13495161050689,-2.42121911203225
6.530839920043945,-0.0439834124466259,-1.9269051000917856,10.902526085964915,-0.1379388074502049
6.545846700668335,0.259507387492113,-1.7848057425047328,20.22357809678999,9.469010119072909
6.561844825744629,0.3679360913256069,-1.6346339148328997,6.777588205893191,9.386839204948965
6.576837539672852,0.4408281616266747,-1.4220601995220317,4.8618329309848285,14.17846804311486
6.5918450355529785,0.4650866573064931,-1.1436430230917656,1.6164252766473624,18.55187425364869
6.607836961746216,0.3195301843153275,-0.2373960014318718,-9.101872484423971,56.669034781009
6.622846364974976,0.1720843050173688,0.3639825991253334,-9.823567069970853,40.06678955795483
6.637845039367676,0.0724557539024638,0.8633414110233483,-6.642490429913854,33.2935297362713
6.652837038040161,0.0321270015175369,1.2388309012288936,-2.6900184068813826,25.04599275976972
6.6688392162323,0.0861344881023725,1.7561986301889223,3.375008447997889,32.33108160326535
6.683837890625,0.1631704406282255,1.9428002050915023,5.136184072596853,12.441204470269623
6.698351144790649,0.2638879873611622,2.088513048117633,6.9396942672801245,10.03998423530745
6.714351177215576,0.3779569388781267,2.204504338417301,7.129295021880973,7.249440952317258
6.730358839035034,0.6269089339330617,2.3648416748047465,15.552052377338644,10.016287087758728
6.745358467102051,0.7490259122058286,2.420209468026689,8.14133375355458,3.691277741992392
6.7613525390625,0.8642780574435917,2.4693787276045045,7.205928891827121,3.074217728881236
6.779357433319092,1.0595771843060735,2.5634051383392613,10.84700215837039,5.222269533759282
6.795871734619141,1.1388400053128431,2.620848953951488,4.7996472612822725,3.478428458372437
6.811878442764282,1.2078320097399342,2.680652130558742,4.310193189099391,3.736132130665816
6.826871871948242,1.298267882607509,2.840165025341609,6.03170040408924,10.638853382087888
6.841879367828369,1.3182714015865558,2.946184832723481,1.3329018471053298,7.064456870667127
6.856881380081177,1.3270057035024572,3.063113882140423,0.5822086909885567,7.794224364472089
6.872493028640747,1.3170124502776068,-3.085624416712836,-0.6401151798106701,8.611967391740228
6.887514114379883,1.250832193681719,-2.771668071343392,-4.40582376968015,20.901042096542096
6.902699708938599,1.1875878621358358,-2.583173390974013,-4.164758337340436,12.412729685397233
6.918511152267456,1.1063438362667926,-2.37425774338346,-5.138305477828515,13.21293972001038
6.932492733001709,1.0104364498900535,-2.141689032751255,-6.859552449729754,16.633935393474054
6.950507879257202,0.7554124625626989,-1.5667443380850536,-14.156087533821324,31.914517179725348
6.964499950408936,0.5905564926845017,-1.1930228183588163,-11.78209916819742,26.70952110473932
6.980011940002441,0.3821917861087498,-0.7217228932842447,-13.4324939634426,30.382944897789432
6.996013879776001,0.1085468257979546,0.0187645533359261,-17.100736797106684,46.274855242468654
7.012004852294922,-0.3941965894487643,1.097996687962693,-31.43920200299645,67.4900875071728
7.027540683746338,-0.5677671488360083,1.4823682401832587,-11.172273587676177,24.740970795324387
7.042532682418823,-0.7137586898890217,1.800777744660805,-9.73796384607144,21.238629447181047
7.057533025741577,-0.9502309871032232,2.301533883458412,-15.76445899444837,33.38297851076601
7.073076009750366,-1.0459217854351492,2.5062326106454083,-6.156526846956548,13.169847377520703
7.089083194732666,-1.1289705597529571,2.682994397943668,-5.188218566202651,11.042652877049685
7.105076551437378,-1.2004271017215074,2.843281370406039,-4.467888967142069,10.022097013264762
7.120117902755737,-1.288528933957631,3.1070869080867736,-5.857308321000841,17.538685992842634
7.13563346862793,-1.3067492177865774,-3.0716730277003466,-1.174322868984225,6.730361770408995
7.151628255844116,-1.3110497620770163,-2.97754065087453,-0.2688716162530151,5.885190940868263
7.168156862258911,-1.2703150519047248,-2.843625919931016,2.4644975595661616,8.10199768709149
7.213660001754761,-1.0894066577393549,-2.737965667629769,4.88026556098797,1.5812093825249205
7.230194330215454,-0.8863789346747133,-2.718824998297272,12.279163532241071,1.1576320972453962
7.2451722621917725,-0.7608902227245365,-2.7138964872556226,8.378240210236449,0.3290515038686225
7.260177612304687,-0.6220860596450821,-2.710053656528363,9.250311524553252,0.2560973718268687
7.276170969009399,-0.4678033056011561,-2.6989608968255667,9.646677485688272,0.6935854622393443
7.2951695919036865,-0.1382396263555948,-2.646966853189498,17.346714079190505,2.73672696833744
7.31016993522644,0.0321270015175369,-2.5912317015387623,11.357515238648167,3.715591733569965
7.327171325683594,0.3436953370063875,-2.400454941881309,18.326050229483343,11.22124452927815
7.342172861099243,0.4710910630624624,-2.2570635024860923,8.492179135422184,9.558450880010078
7.357176542282104,0.5680622269133085,-2.080114747623499,6.4631581189299085,11.793689342367616
7.372169733047485,0.6231734188419035,-1.8544214348419443,3.6757480639708895,15.053054170609126
7.386178731918335,0.6331873902476944,-1.5846255326261842,0.7148241996527226,19.258756796473204
7.403169393539429,0.509397008528225,-0.8531095001475978,-7.285789363598696,43.054005123050416
7.417685508728027,0.3465604274275287,-0.2961943399431631,-11.217641840469328,38.365303179865336
7.433205604553223,0.1397828928491821,0.3617111702883025,-13.323212492197635,42.39055722603351
7.449208498001099,-0.1199253446712699,1.3294759876319342,-16.228830015419653,60.474364870065465
7.46520471572876,-0.174119617677563,1.6604185049087257,-3.387942945573859,20.688797996573644
7.48021125793457,-0.1934533989308913,1.9394605236825069,-1.2883568371828014,18.594691231783955
7.496205568313599,-0.1618374312384233,2.171657855373504,1.9767008982095744,14.517495671176492
7.51220440864563,-0.0666712246844575,2.585332227703514,5.948319039313976,25.856522331921365
7.52721357345581,0.018674357231911,2.7618715224943773,5.6862312457571855,11.762099825242592
7.543211936950684,0.1174902663373522,2.9279371652456945,6.176626074104925,10.380164371470608
7.557212352752685,0.2268019530942977,3.088702721214483,7.807745734331313,11.48291295361386
7.572204828262329,0.4266033843757486,-2.861668746405382,13.32678056755426,22.19872491008216
7.587204694747925,0.5074832521610525,-2.6755230902288134,5.3920391800135326,12.409820871093965
7.603211879730225,0.5579928538455242,-2.4734157851167438,3.1554331220838328,12.62603670386476
7.618204832077026,0.5843272525600347,-2.247970598700369,1.7564518385285235,15.036744011559913
7.634205102920532,0.5316724112080303,-1.7050897231889408,-3.290871877545483,33.92948037075078
7.649205446243286,0.4550159317864816,-1.370681289250721,-5.110314995608741,22.29338534078472
7.664208173751831,0.333747331678054,-0.9585340480084504,-8.083103558293525,27.47148750169119
7.680207967758179,-0.0933844931664813,0.2712627597889114,-26.696082754257823,76.86329007170094
7.695204973220825,-0.2898765412994841,0.8501628751717254,-13.10208552116699,38.60104717736476
7.711204528808594,-0.4240532602171735,1.2910101001159426,-8.386277867634384,27.553716884563908
7.726204633712768,-0.5097233480028358,1.636546833578129,-5.711299243101873,23.03562112862405
7.74021315574646,-0.5677671488360083,2.1839821075212504,-4.14346357835419,39.07873169107376
7.756204843521118,-0.5541641693189091,2.408345732810931,0.850628133113983,14.030015371187158
7.771205186843872,-0.5058908839927244,2.607560820368248,3.2181453642437177,13.28070186601191
7.786211490631103,-0.4340128531204865,2.789644385969413,4.789855776037095,12.133805111695535
7.801205158233643,-0.3420935615285376,2.9527296264174927,6.130540840880257,10.876941170848855
7.817205429077148,-0.1301260109532289,-3.0324581014988468,13.247747656805538,18.6245334330823
7.832204580307007,-0.0173718891318016,-2.882705218235708,7.517366822528647,9.984090497402915
7.848204135894775,0.0861344881023725,-2.732484257461884,6.469328267674101,9.38907083698412
7.866205930709839,0.2399887995796971,-2.385885950214747,8.546609549653512,19.253541705581043
7.882205009460449,0.2867971031843254,-2.1741693863189653,2.9256874307742584,13.23304717702604
7.898205041885376,0.3009980501661597,-1.9380451559978744,0.8875573876781935,14.757734487664424
7.914205312728882,0.2356012738956586,-1.349162230233654,-4.087229329436269,36.80455984301256
7.929214000701904,0.1442287321040402,-0.962228639525821,-6.087976640986673,25.78064061317893
7.94420599937439,-0.0080563860365948,-0.44814776890255,-10.15775958012338,34.29034926255416
7.960205316543579,-0.2151761126287336,0.1973955598498815,-12.945535387660035,40.34817998330461
7.97582221031189,-0.4915033876037986,1.1959982426367832,-17.694125289869238,63.94374563866497
7.991822242736816,-0.5455644091320263,1.526343302752359,-3.3788069981661426,20.64652441584586
8.00582218170166,-0.5554338083764201,1.7997847795871793,-0.7049601622676741,19.53161921073219
8.022825241088867,-0.4599523992802891,2.214762008862044,5.615542880945912,24.40603304527009
8.037828207015991,-0.3661188807234394,2.370615221083909,6.254331244411284,10.388160113067796
8.052824020385742,-0.2475969663927806,2.493083213050724,7.903666937449151,8.166812225994578
8.067831039428711,-0.1155153613409253,2.5928293593345835,8.801321879693331,6.646632885469249
8.082354307174683,0.1714397156295667,2.6506395162967955,19.75829971530235,3.980519947258209
8.098360776901245,0.3182418883977597,2.7627278538499493,9.171427258852525,7.002689504178732
8.11336064338684,0.4531562209730884,2.791159004766669,8.994368896875596,1.895426932234479
8.128880977630615,0.5843272525600347,2.817011965747639,8.451559710420684,1.6657476942766614
8.144883394241333,0.8098460127315977,2.872501545103318,14.092793960914609,3.467574973552056
8.160876750946045,0.8996404747278712,2.906879398112293,5.614485042393792,2.1495083017092225
8.175881385803223,0.9802948275024336,2.95239866353557,5.375295936373954,3.033680316552473
8.19146990776062,1.0417545275203106,3.0103608554669083,3.942625233222417,3.718260915931965
8.20739459991455,1.124690777851493,-3.123539868346968,5.208028483659657,9.374409371477968
8.222387790679932,1.1448921110221368,-3.023879841393811,1.3473671806596743,6.647019204429201
8.237388372421265,1.1448921110221368,-2.9125088944731425,0.0,7.42444185439782
8.252387762069702,1.1287186445967108,-2.7790829015294927,-1.078274970149259,8.895428152141443
8.269388198852539,1.0455978318450818,-2.4638445611268294,-4.889333951439708,18.5429553622362
8.283389806747437,0.9802948275024336,-2.272004337376588,-4.663964655548324,13.701299535759237
8.298388004302979,0.8961821219286139,-2.057180541845889,-5.6081876013654215,14.32330749979483
8.313396692276001,0.7970678077382455,-1.8089479940486035,-6.603796039235581,16.539257011903622
8.331916093826294,0.5255511177793067,-1.169871562726814,-14.661202157185445,34.508481798737144
8.34891653060913,0.3380301337750763,-0.7299753722299889,-11.030362713594831,25.875581675697305
8.365916967391968,-0.1697528332071569,0.4875474398879053,-29.86881887028187,71.61714888096672
8.380916833877563,-0.3784145602801244,0.9890536744708178,-13.910905625283018,33.43404656731487
8.397428274154663,-0.5394269743541754,1.3683395473861384,-9.751566875566011,22.97109558887892
8.412431240081787,-0.782907364250415,1.9355895437653696,-16.228817093828678,37.8091904717116
8.428433656692505,-0.8739489335449329,2.161841445542189,-5.689238788692824,14.138608391515351
8.444427967071533,-0.9490386032905156,2.3604983868092253,-4.694773826825321,12.420475566581146
8.460434436798096,-1.0103097125327831,2.5289187802581674,-3.827896487417788,10.522019928569945
8.476433753967285,-1.085434775438786,2.8082288234231685,-4.695516821847509,17.457622735480236
8.490433931350708,-1.1011988402380744,2.9187880714662904,-1.125990361947412,7.896989089154788
8.509429931640625,-1.0814783751814123,3.09814175819826,1.0381377529842206,9.441655295571358
8.525963544845581,-1.0498117515444565,-3.1196429944109627,1.9152875565918983,3.955611744368078
8.54095721244812,-1.00425154939972,-3.067957147731941,3.038629597005424,3.4471783721728597
8.554964780807495,-0.9404100496692948,-3.0309138056506164,4.557643274872699,2.644523384141285
8.569957256317139,-0.8642690352347366,-3.003839221679512,5.078615228391223,1.805878152256413
8.585957527160645,-0.6733171887323661,-2.981052238485287,11.934288386116505,1.424162341818944
8.602167844772339,-0.5591313762943657,-2.981082010304579,7.04402067703012,-0.0018365969134751
8.615978956222534,-0.4320366492190485,-2.9855851343980206,9.202353303254236,-0.3260508113109003
8.630977153778076,-0.2983272119969212,-2.993107486444857,8.91503373835213,-0.5015504042388903
8.646977186203003,-0.0080563860365948,-3.000095367986676,18.141889856929783,-0.4367417112812956
8.661985397338867,0.1442287321040402,-2.9992822650800384,10.14678676639404,0.0541772033506914
8.676984786987305,0.2954683386176199,-2.99119393598546,10.08305071462254,0.5392438815282821
8.692978620529175,0.5819502228442757,-2.9387076703800394,17.912021122182953,3.281656362623571
8.708523988723755,0.7108341719329192,-2.891272264692738,8.290826404071868,3.051417315663201
8.723522663116455,0.8290139723421,-2.8238635593541703,7.879349688843066,4.494310868657503
8.738515377044678,0.9377916107237764,-2.7409765004580806,7.255366766980773,5.528489324408509
8.753515243530273,1.0821019205671465,-2.5047657747311565,9.620772957009342,15.74752188319517
8.768515825271606,1.1185985279192932,-2.355428119816424,2.433012797869241,9.95545756090537
8.784515142440796,1.1287186445967108,-2.1785303961411677,0.6325342869573435,11.05657959052876
8.800060749053955,1.1084817271838927,-1.9789647755289943,-1.3017772748531895,12.837428964865412
8.816061019897461,0.9829089870568638,-1.488110148033528,-7.848163406433584,30.677894911678493
8.831060409545898,0.8673006771086323,-1.1600059812379933,-7.707534283588298,21.87450119543456
8.846067190170288,0.7143213040150889,-0.7583047164617174,-10.194016752994642,26.767984075372844
8.861059427261353,0.4973022872594637,-0.2169632998900379,-14.475425877901236,36.10811470519801
8.877068758010864,0.0499604491332245,0.8914036685927438,-27.94256956305828,69.23256104984817
8.893059730529785,-0.1110997642929631,1.2780732529365029,-10.071946108069252,24.180492079905864
8.908060789108276,-0.2518794256409162,1.5988743888005192,-9.384648464062767,21.38523319440848
8.923731803894043,-0.370231630974445,1.8575235073734075,-7.552300023417992,16.50493743441616
8.939722776412964,-0.5787401597332381,2.2834440760619383,-13.039139959253935,26.63506351377763
8.954723119735718,-0.6733171887323661,2.450023700469221,-6.304990956817957,11.105054119301352
8.970731973648071,-0.7640053553764228,2.5945482468891994,-5.664875645724741,9.02778844826945
8.985730171203613,-0.9234156230761468,2.822629286876387,-10.628628347465666,15.207230011642926
9.002236127853394,-0.9906318163382584,2.9038285311671883,-4.072238567463248,4.919390376072633
9.01774787902832,-1.0420481746926071,2.969230675532203,-3.3146714239110757,4.216296640364566
9.031755924224854,-1.0814783751814123,3.022643927049697,-2.814825333270885,3.813041060912119
9.047747135162354,-1.1209024467009003,3.077592689936344,-2.465358731966762,3.436185233339008
9.063753128051758,-1.116890140500297,3.081867703826368,0.250675245723728,0.2670883287005882
9.079753398895264,-1.097220673337211,3.070433160962528,1.2293208880941593,-0.7146468316491695
9.09428596496582,-1.0617563760948685,3.0407018066448552,2.4403327719386083,-2.0458433956759663
9.11028504371643,-0.9588229507254624,2.943529634404453,6.4337095262737645,-6.073610471896414
9.12527632713318,-0.889070875737812,2.868016306287798,4.652842124892692,-5.03714898967838
9.140276432037354,-0.8077138324766667,2.776815446460125,5.423764952370571,-6.080014800582519
9.156277656555176,-0.6229316505707356,2.5319172454487218,11.548002573185542,-15.304966237967225
9.171800136566162,-0.5272025002831225,2.375984972247007,6.167129880010087,-10.04557732342709
9.186796426773071,-0.4280527637005808,2.196020028596124,6.611617621060765,-12.000630900565604
9.202305793762209,-0.3264453555841378,1.9958760178478747,6.5513575239801,-12.904718218896296
9.21830677986145,-0.0928470193454374,1.478939999846086,14.598996261221007,-32.30651003604331
9.233306407928469,0.045497971782276,1.1456852335804972,9.223228103363905,-22.21753531331877
9.247305631637571,0.2118926809226519,0.7330637440439367,11.88599543788537,-29.47459788560645
9.263312101364136,0.4231230261093208,0.1988353515248396,13.196560440565804,-33.375778772289365
9.2798273563385,0.8257790545302373,-0.8429493551472524,24.38085449155426,-63.08014670612938
9.295377492904665,0.954034602523297,-1.204691534885684,8.247872772522804,-23.262958379774037
9.310378074645996,1.0417545275203106,-1.49550902493489,5.8477682072361095,-19.38708078553246
9.326378107070925,1.0922208305080494,-1.7310433729497845,3.1541375446912454,-14.720866918241407
9.34737467765808,1.1084817271838927,-2.1127332765836124,0.7744548857797133,-18.17867837270888
9.36237335205078,1.074259424654708,-2.260711673879585,-2.281688476805701,-9.86609839120138
9.377923727035522,0.9251095428809044,-2.472687892917388,-9.591400973941564,-13.63158246960632
9.393913984298706,0.819410230658836,-2.540831289110242,-6.610232123371367,-4.26155721395108
9.409452438354492,0.6981642846232736,-2.5813505089612088,-7.80296068066137,-2.60767382041321
9.425985097885132,0.433123094378381,-2.5888142511408567,-16.03137049751113,-0.4514544175917706
9.442114353179932,0.2997886171739118,-2.553011489895192,-8.266623273515744,2.2197405020433707
9.456992626190186,0.1663852175784116,-2.494936981128032,-8.966322872524277,3.9033097945665967
9.472991704940796,0.045497971782276,-2.417771853933485,-7.555887915829144,4.82309815442364
9.487993001937866,-0.174119617677563,-2.204390541594001,-14.639906769576616,14.224190907036672
9.503983736038208,-0.2702023966024859,-2.070848715966496,-6.008653406529295,8.351200438299472
9.519985437393188,-0.3545124535921729,-1.9240809142355049,-5.268818303714051,9.17201230513595
9.5359845161438,-0.5013877444369241,-1.590524813904536,-9.180234258122397,20.848456684935293
9.550984621047974,-0.5751008238401532,-1.3939449754537625,-4.914170925745547,13.1052309104893
9.566985368728638,-0.641561939964515,-1.1811138124712974,-4.153625658673197,13.301326114882649
9.580985069274902,-0.7202730000630624,-0.9355239159703386,-5.622338837779552,17.542510690808047
9.596984148025513,-0.8952472335120769,-0.3304476313854639,-10.936519294421212,37.81944535786422
9.611990928649902,-0.9966918773408874,0.0289629277240036,-6.759920489804348,23.949877599019366
9.627985000610352,-1.0775374897570085,0.3646237680811683,-5.054723563582767,20.986578101386584
9.64549970626831,-1.1463354562016193,0.8777902408713782,-3.928011568572824,29.29917766314378
9.660017013549805,-1.1267149829605805,1.0422175433968468,1.3515229002592022,11.326294838097928
9.67552924156189,-1.0775374897570085,1.1584630679594252,3.170240481590365,7.493799373759601
9.690529346466064,-0.9966918773408874,1.2304559458589188,5.389669801150542,4.799491627518996
9.70608401298523,-0.7608706914745388,1.222170022261191,15.160799852300997,-0.5326969618743256
9.72156572341919,-0.6105627564554214,1.137909602904588,9.708742174211508,-5.442578177393983
9.738565444946287,-0.4419571930126734,0.9954163074034648,9.918136786768557,-8.382095863980584
9.753074884414673,-0.2561513825656035,0.7856524868914565,12.805857238795651,-14.457058866339096
9.7690749168396,0.1891203485956046,0.13301999720985,27.829426799630152,-40.78944794292153
9.784615993499756,0.433123094378381,-0.2648620848129688,15.700504612292615,-25.60196379719927
9.799609661102297,0.6505004487558721,-0.5913366342956956,14.497944074782604,-21.774162142119305
9.816609382629396,0.9991728461472836,-1.0205978452326754,20.51047700020178,-25.251073098620207
9.831610441207886,1.140839757779187,-1.1485804872606138,9.44379430895815,-8.531574045810489
9.847611427307127,1.2581456887547384,-1.230502962112014,7.33116885721812,-5.119839136368922
9.862609148025513,1.3567462492407931,-1.2713899089891032,6.574369688401592,-2.726210711936453
9.879615545272827,1.494739970464221,-1.270572005771018,8.114224266119551,0.0480938558702794
9.895611047744753,1.5354593910046763,-1.2337826711355353,2.5456793628039165,2.2999799287366853
9.910614013671877,1.5489299949130266,-1.1614733015603167,0.8978627275288573,4.819671652022466
9.92660927772522,1.521667162167843,-0.954371218629454,-1.7044315526309013,12.947712662958889
9.941609382629396,1.471846926157649,-0.8051873655964561,-3.321325839283173,9.945520647090763
9.957608938217165,1.402816541375152,-0.6279736229657433,-4.31451888796647,11.076166563413192
9.974628448486328,1.1852536184536708,-0.154592366566286,-12.783148250490449,27.81403512280268
9.98861002922058,1.04413155723607,0.1295746578746512,-10.09342676625051,20.324384620171568
10.005611896514893,0.8927438916261086,0.4229985462177842,-8.90417875809515,17.258333056234743
10.021608352661133,0.5981689573303602,0.8961030484078019,-18.41501215036209,29.57558210799177
10.038610219955444,0.4531562209730884,1.082303170031588,-8.5292241050364,10.951745381878426
10.054609298706056,0.3139471407806519,1.2170268881350643,-8.701068502905255,8.420717230255322
10.070607900619509,0.1758688106630901,1.3193349536014345,-8.630649782057576,6.394812873013997
10.086608171463013,-0.0884251648001486,1.4048654392369753,-16.518093852799353,5.345564864000763
10.101608276367188,-0.2054830433147128,1.3743294529381571,-7.803803990863079,-2.035718182898788
10.1166090965271,-0.3067298783099389,1.301038694356356,-6.749419959436355,-4.885783430539498
10.131616353988647,-0.4221168864271146,0.975576000817906,-7.688747155356301,-21.68702005495424
10.147608041763306,-0.4221168864271146,0.7045632875565194,0.0,-16.947098835362237
10.16361665725708,-0.3784145602801244,0.351811913853264,2.729925405728284,-22.03509565461403
10.178609609603882,-0.2969089408760107,-0.0803401187663487,5.436262152964165,-28.82367812713004
10.19461750984192,-0.1828296814813054,-0.8145322521228674,7.126434928900688,-45.86436212364511
10.210615873336792,-0.174119617677563,-1.071188859229399,0.5444346733672926,-16.042678814541354
10.225614786148071,-0.1924761940487973,-1.2704925588020586,-1.2238604625683285,-13.287876400133596
10.240607976913452,-0.2292272678513319,-1.4294806739745278,-2.451184299434946,-10.604021362788991
10.256150722503662,-0.3347586330688193,-1.6621419094961705,-6.789750536993884,-14.969120749695016
10.271705389022827,-0.396421608420985,-1.7335060946682774,-3.96427498308564,-4.5879598308442375
10.285698413848875,-0.4558042749244746,-1.7911679420886768,-4.243733377285312,-4.120756458107219
10.30171012878418,-0.5074536299906943,-1.836673198010869,-3.2257228707177936,-2.841997631488052
10.317698955535889,-0.5972435112728649,-1.8944035444869964,-5.615789243108365,-3.610668085446409
10.33370566368103,-0.6229316505707356,-1.921261822893355,-1.6048358641228588,-1.677938909288499
10.348704814910889,-0.6450278251643462,-1.938313607465869,-1.47316166461635,-1.1368499664547336
10.362699031829834,-0.6512418382747113,-1.9577454204171436,-0.4440415027405044,-1.3885602219705493
10.379704236984251,-0.6229316505707356,-1.9860556081211191,1.6647954227484871,-1.6647954227484938
10.394704580307009,-0.5910627564496934,-1.99829151891664,2.1245443144424923,-0.8157087162771947
10.410247802734377,-0.546880301215619,-2.01080239571234,2.8425543956881736,-0.804908818242954
10.42621898651123,-0.4261042157700932,-2.011728307331329,7.562124832634363,-0.0579738879675925
10.44121789932251,-0.3503863640426796,-1.993740463958884,5.048222673210903,1.1992764808205871
10.45622420310974,-0.2744474399127905,-1.963444436436085,5.060468267642557,2.0188867260288874
10.471218347549438,-0.1915074511478713,-1.9163400911834023,5.531491916626742,3.1415160392861683
10.489217519760132,-0.0392217334207246,-1.7456847345956903,8.460706744984263,9.481289172083448
10.505218505859377,0.0231784705855957,-1.615182065228849,3.899772402731597,8.15591417662777
10.524768829345703,0.0856134147383045,-1.2408227584117986,3.193550439018089,19.14849680512173
10.540319919586182,0.0722559616890271,-0.9692322774564068,-0.8589399741574906,17.46440132206672
10.55630350112915,0.0187143924628926,-0.6238205008223463,-3.34978547093456,21.61041164056304
10.570825576782228,-0.0746772674042352,-0.1865382787785195,-6.431013175953604,30.11155102688082
10.586815118789673,-0.2744474399127905,0.7253556999918208,-12.493802037326825,57.03065030541048
10.60181450843811,-0.3067298783099389,1.0434859691022107,-2.1522501350920824,21.20954762606156
10.616816520690918,-0.2983272119969212,1.276516779451721,0.5601026163303641,15.53330356105386
10.631823539733888,-0.1871726737589343,1.596972510972052,7.406836622231526,21.353723254617613
10.647815227508543,-0.101676374949156,1.6911870942069411,5.346296151758482,5.89147215493974
10.662815809249878,-0.0035971067875604,1.7401643884525269,6.5383643016554025,3.2650263229880188
10.678329229354858,0.10372874696381,1.7601823245816912,6.918258709239384,1.290362537319398
10.694336891174316,0.3225256319120324,1.707699306629034,13.668260075451196,-3.278618610549469
10.71032738685608,0.4231230261093208,1.646931595190628,6.2910741605102745,-3.800239382679807
10.724334716796877,0.5194519026314228,1.5605611261725667,6.877033448148264,-6.166090852654946
10.73932719230652,0.6043958047636296,1.469618721391369,5.6657689437323855,-6.0658698240128
10.755335330963137,0.755778718192763,1.244014400439707,9.4566218269584,-14.09310137743087
10.771326780319214,0.819410230658836,1.1093261776080388,3.9790960187035007,-8.422515047422303
10.785327434539797,0.8766492315924403,0.9689662836311508,4.088309019835847,-10.025238232836148
10.801327228546144,0.927917495457072,0.8162696846889865,3.204307745730459,-9.543660304725448
10.81633758544922,1.015442665889652,0.4738429246390914,5.830985298866745,-22.812699408880764
10.832327604293823,1.0580195531670369,0.2821672804595453,2.662716516544416,-11.987205646366276
10.847333192825316,1.0843292704199592,0.1014383810921699,1.75332791497666,-12.044106033432584
10.862335681915283,1.1066298774489225,-0.0847580937647108,1.4864604730076902,-12.411038844308534
10.878337860107422,1.0843292704199592,-0.3642671040041034,-1.393598219017386,-17.466935243647384
10.893333673477173,1.037929520742216,-0.45120694059013,-3.0941802577604243,-5.79760726826586
10.908327102661133,0.9666596800803382,-0.4955686170178754,-4.753404960762579,-2.958741184785378
10.92384648323059,0.88003314200092,-0.5135960569665561,-5.581829615667679,-1.1616082141937094
10.940839290618896,0.6243732881107182,-0.3922554738774182,-15.045180472424182,7.140702552342445
10.954846382141112,0.47129300167038,-0.2755276286856396,-10.92877034447415,8.333482008498008
10.971388816833496,0.2985895769811451,-0.1110337271802016,-10.44002457321222,9.943754021962764
10.985382556915283,0.1170895129423824,-0.0711839767874972,-12.970089695676531,2.84768404728118
11.001383781433104,-0.2280997834116757,0.3784111655588568,-21.57268001393169,28.09754602503028
11.016385078430176,-0.3824846138987666,0.4778967049407848,-10.291432168647924,6.63179586414142
11.033383131027222,-0.511259324109728,0.5208044792848485,-7.575850790892431,2.524275889787557
11.048382759094238,-0.7107681034400201,0.4693930827286889,-13.300915091954945,-3.427511424047276
11.064390182495115,-0.7733305012066665,0.3758461086904457,-3.908336538609414,-5.843974492053911
11.080390691757202,-0.8139462229559611,0.2360442859937155,-2.5384018148433705,-8.73733581892963
11.097383499145508,-0.8326152844654907,-0.1313184223211453,-1.0986449197545516,-21.618717844567424
11.112908363342283,-0.8297312017301178,-0.3203643792401218,0.1857718495194027,-12.17697974828139
11.128907680511476,-0.8234913077556029,-0.5009933465226274,0.3900100178357228,-11.28979226878196
11.14491605758667,-0.8139462229559611,-0.8011550467595935,0.5962556200922898,-18.750289228385377
11.16091775894165,-0.8077138324766667,-0.9293204035121478,0.3894829894044079,-8.009483111160764
11.175910949707031,-0.7952378734463854,-1.0457608499509974,0.8321083367449835,-7.766221897723697
11.190916061401367,-0.7827502303736441,-1.1483476262572068,0.8322259325437135,-6.836788582182522
11.206927061080933,-0.7327606431358039,-1.335592932363137,3.1222027505028973,-11.69479169654274
11.222915172576904,-0.692019565753845,-1.4256570622566709,2.548210737223335,-5.633193758764188
11.237907648086548,-0.6450278251643462,-1.5045086613637886,3.134355000898452,-5.259411566582083
11.253908634185793,-0.5910627564496934,-1.5743937148896865,3.3726089367208,-4.367546668214619
11.26990795135498,-0.451876565349872,-1.687868384211452,8.699508212004075,-7.092469517404673
11.284908056259155,-0.3685131141476941,-1.7294857129303252,5.557524546310091,-2.774469177698242
11.300908088684082,-0.2786812816123174,-1.751830898045045,5.614478155395857,-1.3965712394374803
11.31691575050354,-0.0928470193454374,-1.7243405740331514,11.60908222342568,1.7173228871238315
11.332908391952516,-0.0035971067875604,-1.6683046502033176,5.580686145102027,3.503856696132372
11.347915172576904,0.0722559616890271,-1.5798689780127986,5.054586348340965,5.893047576559472
11.363909244537354,0.1392841994672921,-1.4632876218288693,4.190817569410411,7.289035367117037
11.379908323287964,0.1979233238138206,-1.078861422709821,3.665156304346048,24.02802093241667
11.395914077758787,0.1758688106630901,-0.7872429179388342,-1.3779114999502664,18.219603787034234
11.4104585647583,0.112639243972053,-0.4152938721585822,-4.347321888572619,25.573197995414954
11.4264714717865,-0.0879116150309636,0.4918484437836395,-12.52432544883029,56.65069523883276
11.441450834274292,-0.1418854848151973,0.8492126162367868,-3.60321541241947,23.85710157854659
11.456460237503052,-0.1601628918072553,1.125853110242693,-1.21773042628613,18.431145448596567
11.472450494766235,-0.1418854848151973,1.3407174943132072,1.1430339544405232,13.437206202130586
11.48846173286438,-0.0347760833532313,1.6154392315432329,6.68963891520534,17.15805708128603
11.504451513290403,0.045497971782276,1.6960991696389929,5.020335051308848,5.044468150699303
11.520962953567505,0.1304183376229558,1.7518148250229932,5.143122853943839,3.3743667692802477
11.536983489990234,0.3083978748809606,1.779476720354742,11.109461790898113,1.726652254446547
11.55197048187256,0.3948165604609439,1.754696080221895,5.766246239307445,-1.6534765833878704
11.567962884902954,0.4732200136173059,1.7206289152990475,4.902543601943169,-2.1302092536123967
11.584478378295898,0.6019475568174262,1.6177740400867602,7.794350440363748,-6.227780954835321
11.60147476196289,0.6505004487558721,1.5532021325055398,2.856660151343725,-3.799155681959696
11.617475748062134,0.6918429489351444,1.479803240277227,2.583747021768102,-4.587148052818106
11.633996486663818,0.7494325484879051,1.3146621433801182,3.4858973888061167,-9.9959875208164
11.648988723754885,0.7621295085838533,1.227648831525294,0.8469023014261003,-5.803891128875299
11.66399598121643,0.7748429184094089,1.1267508361003584,0.8471507774242125,-6.723280098543
11.679510831832886,0.7748429184094089,1.0236489074017583,0.0,-6.645370377543309
11.69650673866272,0.7748429184094089,0.7691046787874809,0.0,-14.976795952273632
11.71151065826416,0.7748429184094089,0.6172722409984946,0.0,-10.119518220719458
11.728509664535522,0.7748429184094089,0.4414005703332772,0.0,-10.345997163463784
11.744513273239136,0.7812045166130581,0.0382878968200819,0.3975102316899885,-25.18886089874097
11.75951051712036,0.7717944551173496,-0.1561491249270577,-0.6274527219957137,-12.964850294296218
11.775502681732178,0.7430915049993909,-0.3206576586569048,-1.7948133235666175,-10.28682093531565
11.790502786636353,0.6918429489351444,-0.445531276418478,-3.4165465102836103,-8.324849630006161
11.806032419204712,0.5173365482912208,-0.5526734840814411,-11.236994814640314,-6.89921073092601
11.821031093597412,0.3948165604609439,-0.5293726672816017,-8.168721089772237,1.5535250776015144
11.8355712890625,0.2531010929257846,-0.4562921621771318,-9.7464623412683,5.026101972283774
11.85009264945984,0.0945071867061742,-0.3402197835868847,-10.921422089949218,7.993216572981562
11.866093158721924,-0.250656932362387,-0.0062188253028794,-21.572070826924683,20.87439548411492
11.8816020488739,-0.4221168864271146,0.1665064342090402,-11.05559149523441,11.137177310517956
11.896604537963867,-0.5787401597332381,0.3162310063379381,-10.439819177130984,9.979982070377831
11.912137985229492,-0.7202730000630624,0.4261651723091445,-9.111489414396232,7.077254912661081
11.92767333984375,-0.9367707137762096,0.5168934652617639,-13.935807652208537,5.84011728122074
11.942670822143556,-1.0163489923131162,0.5120400686331442,-5.306109181935352,-0.32361409279229
11.95719575881958,-1.067695516697051,0.4572522440709159,-3.5350601196552214,-3.771983712167237
11.973189115524292,-1.097220673337211,0.3682113095961663,-1.846088797072935,-5.567370009856444
11.988189697265623,-1.097220673337211,0.1092945323285301,0.0,-17.26044907673213
12.004196643829346,-1.071616608488952,-0.0523943886965465,1.5995595878535536,-10.101172036866798
12.019189357757568,-1.032204023655562,-0.2307819246455453,2.6287825554517474,-11.898281845636877
12.035196542739868,-0.9808177305029596,-0.4127761297755097,3.210201744368141,-11.369532202645708
12.051191806793211,-0.8642690352347366,-0.741582548552148,7.286450219235467,-20.55648582480778
12.066191673278809,-0.8014775553563115,-0.8854730337827027,4.186135919191247,-9.592784400363298
12.08119010925293,-0.7327606431358039,-1.0174288842896035,4.581605197973609,-8.797974051066577
12.0971941947937,-0.5725991677994264,-1.250076584636386,10.00753682104206,-14.536769361429412
12.113196849822998,-0.4854694509596728,-1.3372063014761395,5.444703811976248,-5.444703811976248
12.128197193145752,-0.392381781009927,-1.4076418136363016,6.205702626055358,-4.695593337075092
12.143190622329712,-0.2969089408760107,-1.4576498103871498,6.367645384022859,-3.335327504954437
12.160191535949709,-0.0972641442277,-1.4769905353664536,11.743180461402051,-1.1376285658293577
12.176198482513428,-0.0035971067875604,-1.4416561856261667,5.851649286593691,2.207438476765534
12.191189527511597,0.076710452370842,-1.3673097767449531,5.357035428031306,4.959388013997322
12.207205057144163,0.1847092876061632,-1.0879268262501691,6.743382061852034,17.444502736059704
12.223198413848875,0.1979233238138206,-0.8667420192786369,0.8262203145737548,13.829792647991614
12.237197399139404,0.1802920550379898,-0.5822419722094417,-1.2594676263972715,20.322904922380843
12.252190351486206,0.1170895129423824,-0.2070829569779546,-4.215483424056202,25.02235760867436
12.267189025878906,0.036531381432058,0.2162031276642758,-5.371016757956406,28.221566357107022
12.28370475769043,-0.0525421206585939,0.8879435005206987,-5.393251907160618,40.67275858692092
12.298702001571655,-0.0436647381425633,1.114029343153827,0.5919342638112204,15.075159437538764
12.314706325531006,-0.0125142453779484,1.2877883182051582,1.946379793594164,10.857001863537745
12.330709218978882,0.112639243972053,1.4992519127782735,7.820678788973175,13.214085019180228
12.345704078674316,0.1891203485956046,1.561968033237282,5.100488179081633,4.182507988261036
12.360710144042969,0.2715367914963973,1.5892327625673888,5.4922087086839255,1.8169139384840147
12.377707242965698,0.428996791837573,1.577259727074127,9.26393386642065,-0.7044164152772227
12.392702579498293,0.5033379454977164,1.5467970947998029,4.957618223409715,-2.0314737323909537
12.407710075378418,0.5657492009688913,1.5043054203310573,4.158672170872981,-2.8313633938766007
12.422710418701172,0.6243732881107182,1.447713041014374,3.908183024911207,-3.772738936637444
12.438703536987305,0.7143213040150889,1.313710393236709,5.6241699895612,-8.37876925438957
12.45370316505432,0.7460486380794255,1.2337294317452516,2.115208051998525,-5.33219631407603
12.46871280670166,0.7684844119039628,1.1545460973784771,1.494757460016713,-5.275497991706771
12.483703374862673,0.7875686935294501,1.0624350968517335,1.2730859444756764,-6.144597025102549
12.50022578239441,0.8003027255501083,0.8616869993129699,0.7707128634974683,-12.150051204895044
12.515748977661133,0.8003027255501083,0.7436448716467816,0.0,-7.604241629249476
12.530736446380615,0.8003027255501083,0.6105531203683965,0.0,-8.880202105468102
12.546736240386965,0.8003027255501083,0.4590964301326626,0.0,-9.46616501285241
12.562732696533203,0.793934934921732,0.1190950177235978,-0.3980750842662738,-21.25479601861552
12.577736377716064,0.7812045166130581,-0.0518387612402816,-0.8484863250237388,-11.392789334869152
12.59224820137024,0.755778718192763,-0.2056134129259353,-1.7520746548612147,-10.596507740873449
12.608248472213743,0.7079976449752008,-0.32423395039283,-2.986266525416689,-7.413658095359051
12.62579345703125,0.5534591143907914,-0.4535442930368961,-8.808131337350835,-7.370216844818886
12.640792608261108,0.4431348225836151,-0.4470131837583428,-7.35536898831694,0.4354319240112677
12.655794143676758,0.3139471407806519,-0.3989477300191563,-8.611630624702338,3.2040356141842152
12.671786546707152,0.0142506701664807,-0.1910830311143306,-18.73992732953025,12.997715134476888
12.687793493270874,-0.151414277898036,-0.0396119413331794,-10.349565884101333,9.462834724797304
12.702301025390623,-0.3109129682689598,0.1046019433994413,-10.994198672410835,9.94062143321288
12.72130036354065,-0.6043950395056115,0.3418858861103113,-15.446962884666302,12.48906361038503
12.73530101776123,-0.7265156033244557,0.4096196981874392,-8.72248981332074,4.837903358655824
12.750301837921144,-0.8263974258445581,0.430774619050976,-6.658424103171674,1.4102509488161687
12.766305923461914,-0.9049481170540268,0.4145614235700844,-4.908164918848715,-1.0130660348938625
12.78130292892456,-0.9966918773408874,0.2773790306073514,-6.117471952342072,-9.147318996743554
12.797302961349487,-1.0163489923131162,0.1719939708706942,-1.2285671960017142,-6.586552885510141
12.812301874160768,-1.0163489923131162,0.0385318529248232,0.0,-8.898119458732134
12.828303813934326,-0.9747323368661274,-0.2695893313791742,2.6007256642568475,-19.2552395937094
12.844308853149414,-0.9367707137762096,-0.4345775025527658,2.3718544253319616,-10.30851402213734
12.859303712844849,-0.8987690993625337,-0.5811206205723132,2.534309435735908,-9.772890243458884
12.874309301376345,-0.8484153239554691,-0.7305973376910418,3.3556681433307767,-9.961403166893644
12.889302015304564,-0.8014775553563115,-0.8543193606770895,3.130705276167568,-8.252143246270458
12.904308319091797,-0.6795453873201804,-1.0890665791150518,8.125396484368164,-15.643240451902878
12.920300483703612,-0.6070090556343022,-1.1918870545722704,4.535741936540728,-6.429428282725772
12.93630862236023,-0.5333062084371204,-1.275319409822932,4.604086007633385,-5.211871101339998
12.953301906585692,-0.3685131141476941,-1.394759406696,9.697542399866965,-7.028658809466101
12.968301057815552,-0.2786812816123174,-1.4252350591656897,5.989127728544461,-2.03182513481312
12.983305931091309,-0.1915074511478713,-1.427393800277175,5.809701212558167,-0.1438693331035116
12.99830150604248,-0.101676374949156,-1.4059366413746144,5.990505631909441,1.4308993801457484
13.01430869102478,0.045497971782276,-1.2528174417149467,9.19426787996593,9.565654412626683
13.030842304229736,0.0945071867061742,-1.117959733712074,2.96421685425708,8.1565781375875
13.045843124389648,0.1215362323222669,-0.9298813778463756,1.8018378547277465,12.537871520406297
13.062843322753906,0.0811629951020408,-0.3609860802685606,-2.374868595951748,33.46403879462329
13.078842401504517,0.0143101833485782,0.0269680617956511,-4.178541327006855,24.248530062983257
13.093842267990112,-0.0525421206585939,0.4119493731037498,-4.4568599374781215,25.66564920279753
13.10984230041504,-0.0884251648001486,0.9714154398811028,-2.2426857139146685,34.9665583118288
13.12483549118042,-0.0569761547059092,1.147441813335745,2.097552854916974,11.740421115769772
13.139835834503174,-0.0080563860365948,1.2819039836294015,3.2612432673529828,8.963939517950392
13.154842615127563,0.0588825600729928,1.3729339776656486,4.460580039452011,6.0659242188361935
13.169835567474363,0.1348533834233339,1.432205839384877,5.06710230200571,3.953314887435921
13.1858389377594,0.3083978748809606,1.452240012020043,10.844246453506091,1.251872091836861
13.202836036682127,0.3932124553241422,1.4263227236870943,4.989944509281088,-1.5248065832158284
13.216838121414185,0.4772631995993664,1.3748499499768974,6.002730727861029,-3.6760792907043207
13.233837127685549,0.6243732881107182,1.228869439813583,8.654040487012676,-8.58759081754344
13.250837087631226,0.6855313318249344,1.1437415175067585,3.597540459485741,-5.007536640018006
13.265836477279665,0.7430915049993909,1.0456760881301372,3.837501026613612,-6.537961322101982
13.282837629318236,0.8385130865508953,0.8141713399563107,5.612653856338714,-13.617003580025708
13.297842025756836,0.88003314200092,0.6775196188265555,2.767192643831699,-9.107445387021384
13.312841653823853,0.9152476081474262,0.5367812040499185,2.3476892886391645,-9.382793636471126
13.328370809555054,0.9666596800803382,0.2334782645619708,3.310680427372807,-19.531193114288342
13.34436321258545,0.9766147656070312,0.0907941829864067,0.6224884095137083,-8.9219913545435
13.358364820480348,0.9766147656070312,-0.0444001818043364,0.0,-9.655631396449222
13.373372077941896,0.9630312931086118,-0.1693428254838942,-0.9051269049807128,-8.32548145453561
13.388363599777222,0.927917495457072,-0.2631314308507599,-2.3422437052918195,-6.25610971301494
13.404370307922363,0.8035173684465599,-0.3608701723024133,-7.77174956165302,-6.106111298175904
13.419373035430908,0.7143213040150889,-0.3649280229757219,-5.945323234103177,-0.2704741968417025
13.434366464614868,0.6019475568174262,-0.3227400932311387,-7.494866305693472,2.813761230133803
13.449879169464111,0.47129300167038,-0.2471451868925448,-8.42242255085647,4.873096411828012
13.4658784866333,0.1752107979567189,-0.0159139363235293,-18.505927508196336,14.45256995181689
13.481406450271606,0.0187540718533908,0.1135278944510703,-10.075804512921948,8.336046746997903
13.496407985687256,-0.1331200139831101,0.2333621943563293,-10.12390276251775,7.988135653117835
13.516409158706663,-0.4022875067688109,0.3801975203758985,-13.45758533884488,7.341335724513755
13.53140664100647,-0.511259324109728,0.3938101188397134,-7.266007397944133,0.907658911788956
13.54694151878357,-0.6008285679089475,0.3681597695791414,-5.765687061359181,-1.6511458685812035
13.564943313598633,-0.7235009280266,0.2122817855377772,-6.814451635400447,-8.659024594088207
13.579944849014282,-0.757755436754724,0.0895038183516113,-2.283400183983173,-8.184360052777357
13.594944715499878,-0.7765032399524684,-0.0550727931484211,-1.249864671512097,-9.638526558810955
13.610485553741457,-0.7889952701849923,-0.3551976722341556,-0.8038195905741654,-19.312013574840257
13.624995708465576,-0.7889952701849923,-0.4938468049946497,0.0,-9.555317320635414
13.64000654220581,-0.7889952701849923,-0.6141708847540989,0.0,-8.015815899481838
13.654996156692505,-0.7827502303736441,-0.7288822819610761,0.4166244446707837,-7.652724978938037
13.6699960231781,-0.7702547857740856,-0.8400622161788494,0.833037054800311,-7.412061588984063
13.685996770858765,-0.7390076335569796,-1.015551117706181,1.9528557565385676,-10.967543831679755
13.701008081436155,-0.7107681034400201,-1.0935614473297792,1.8812168312265167,-5.196770076896825
13.716996908187866,-0.6795453873201804,-1.162763743141935,1.9527834408801976,-4.328165967822442
13.7330002784729,-0.5848948299675791,-1.2884360914050128,5.914414005724492,-7.852867616304693
13.74899673461914,-0.530956588700838,-1.3297162793935424,3.3718869213052973,-2.5805833249029977
13.766539335250854,-0.4656991219649912,-1.365509925237807,3.719942561872668,-2.040384239241929
13.783541202545166,-0.3306084631550961,-1.3776938144117028,7.94563658634682,-0.7166206489549757
13.79953932762146,-0.2604127204079016,-1.354048344529561,4.387748090006539,1.4780150654766218
13.814069747924805,-0.1915074511478713,-1.3114891769836314,4.742138755901589,2.928970164485399
13.830598831176758,-0.0795679301378856,-1.116344887118176,6.772276435643129,11.806116944954985
13.844589948654177,-0.0436647381425633,-0.9636776240491424,2.5661418434427032,10.911727624005245
13.860145092010498,-0.0303279614528561,-0.7623339259345452,0.8573869352535255,12.943866443554832
13.874675035476685,-0.0481049246301487,-0.4909815662506323,-1.2234709115463815,18.67538991568637
13.889674186706545,-0.1462584624951627,0.1965217644932007,-6.54393947769674,45.83614900656772
13.906185388565063,-0.1828296814813054,0.517938219933275,-2.2149337946147343,19.46656931422647
13.921191930770874,-0.1915074511478713,0.7796597104860002,-0.5782657688595191,17.44049275064754
13.936194896697998,-0.1645263999591673,0.9648291255092756,1.7983811547505195,12.342187266352818
13.952330589294434,-0.0436647381425633,1.1864881383689625,7.490329968439212,13.737186150202952
13.967180967330933,0.0410347831189708,1.2328128144738324,5.703526270736076,3.1194273971352158
13.982179641723633,0.1392841994672921,1.2414619936819593,6.550539986129641,0.5766629091125839
13.997185707092283,0.2390478777537127,1.2149495973092648,6.64822362395054,-1.766778680577982
14.014724731445312,0.4472306917403618,1.0695720195681893,11.869691825287614,-8.288806424741775
14.031247854232788,0.5495743490052553,0.9582048172316208,6.193965788505141,-6.740081991098207
14.046257734298706,0.6505004487558721,0.8252699491772921,6.72397776047416,-8.856491022614879
14.063247442245483,0.8481702022113624,0.4876124717570935,11.634676362578965,-19.87423671307113
14.07976746559143,0.940550448255411,0.2985834614189709,5.592016676339114,-11.442417869493848
14.094767808914185,1.0279128227499854,0.1007437293289548,5.824024998284878,-13.189013600103042
14.111295700073242,1.1549907170178828,-0.2419607643725523,7.688693799163612,-20.734919561331825
14.126796960830688,1.1911832053627742,-0.3813577383247961,2.3348093365570763,-8.99262170564302
14.14180040359497,1.2053810342556883,-0.4888139193981029,0.9463047325853916,-7.162101576387595
14.156797885894775,1.2012257931458608,-0.5654573934300962,-0.277062578022306,-5.110422702948705
14.173798561096191,1.1307592082257214,-0.6374608431525948,-4.144928603439825,-4.235328824851693
14.187791109085085,1.0618985096626168,-0.6187636870790016,-4.921240836034418,1.3362224012693338
14.202790021896362,0.972954013198392,-0.5706773251599081,-5.930062904115145,3.205989829004955
14.217315196990969,0.8639522714964923,-0.4817604853877426,-7.504332374099185,6.121567498707433
14.24131441116333,0.5857663046292184,-0.1877008927009188,-11.591461489919276,12.252884222578142
14.25832176208496,0.2574546221571452,0.201326845204361,-19.304104677143386,22.874093660905974
14.273099184036257,0.090061536638681,0.3829752484947528,-11.327624403646873,12.29229319492269
14.288106679916382,-0.0614068559917725,0.5201883233532799,-10.0928491895193,9.142969350418133
14.303098440170288,-0.2011561187445011,0.6135033506491838,-9.32173810052196,6.224420996299601
14.319100618362429,-0.4300760980706617,0.6666081312782975,-14.305551192938294,3.3185970054503144
14.334941387176514,-0.511259324109728,0.6111741454636235,-5.124954918025914,-3.4994504664052424
14.350205898284912,-0.5725991677994264,0.514479927258289,-4.018461073145649,-6.334576817998054
14.365212440490724,-0.6070090556343022,0.3699820102866488,-2.2929924404272297,-9.628994807057577
14.381152153015137,-0.6132011696268946,-0.0388405085092456,-0.3884708700428756,-25.64804843059255
14.396151781082152,-0.6008285679089475,-0.2597883585078454,0.8248605673865934,-14.730221910265398
14.412157773971558,-0.5910627564496934,-0.4602816677137802,0.6101346868471272,-12.526140089607193
14.428151845932009,-0.5848948299675791,-0.7916362544856135,0.3856382850700296,-20.71733749799426
14.442913055419922,-0.5910627564496934,-0.9162317822081402,-0.4178469580804979,-8.440739752696599
14.45692253112793,-0.5910627564496934,-1.0281768640235645,0.0,-7.990668897868641
14.472432613372805,-0.5946601445444832,-1.1231656546159288,-0.231938685945973,-6.124325396389399
14.488431930541992,-0.5910627564496934,-1.2696101116446874,0.224846351675399,-9.153169193418629
14.50395655632019,-0.5787401597332381,-1.3325442117440975,0.7937451692884181,-4.053823969643805
14.518956422805786,-0.5591313762943657,-1.3842628808917807,1.3072638651619075,-3.447941966506727
14.533957719802856,-0.5370512155363768,-1.427941700707284,1.471883448631213,-2.9116695592410062
14.548967361450195,-0.4931418350726624,-1.4861072928325574,2.925411645087426,-3.875215244434964
14.564960241317747,-0.4162054897916891,-1.5132157406018532,4.810662364635247,-1.6950322889808784
14.579963445663452,-0.3644142918725426,-1.5089166295000496,3.45200909924148,0.2865461939158911
14.594964027404783,-0.3067298783099389,-1.506181794804363,3.845478432590283,0.1823152423582977
14.610965728759766,-0.1915074511478713,-1.4229536137895915,7.200636020257001,5.201208244576243
14.625964403152466,-0.1375059507719026,-1.3476769612846893,3.6004182077751485,5.018887038546509
14.64196491241455,-0.0928470193454374,-1.2398341726827051,2.791094376745221,6.739959762251428
14.655964136123655,-0.065834054515864,-1.0918256787069778,1.92960448314013,10.57262152896725
14.671964645385742,-0.0614068559917725,-0.6677849229241903,0.276691100987786,26.5017037168686
14.686967372894289,-0.101676374949156,-0.3585173370677608,-2.6841465283194466,20.614090716523627
14.70195722579956,-0.1645263999591673,-0.0034533854606224,-4.19283800896409,23.68695369133521
14.717470169067385,-0.2280997834116757,0.3644037258949881,-4.098086504601326,23.71291540262629
14.733514785766602,-0.2561513825656035,0.8867768655232653,-1.7483495978619217,32.5575331228519
14.749520063400269,-0.2280997834116757,1.0633592387785678,1.752646832874765,11.032759149635908
14.763520956039429,-0.174119617677563,1.17834496731475,3.855480298672636,8.212742680032406
14.777516603469849,-0.0972641442277,1.2501259106907394,5.49138393432343,5.1288047754026485
14.792521476745604,-0.0125142453779484,1.282110664744605,5.64815825447062,2.1316244040223187
14.807514190673828,0.1847092876061632,1.2463605147165715,13.15462523518529,-2.3845015785125154
14.822514295578005,0.2899732272688897,1.1774032743082974,7.017546899517319,-4.597117210099114
14.837797403335571,0.3948165604609439,1.0815058830519138,6.86007943247895,-6.274731080718463
14.853516340255736,0.4973022872594637,0.9605184832554692,6.519889183284378,-7.696919989622724
14.869515419006348,0.7079976449752008,0.6321891886513815,13.169218115618014,-20.521762516580043
14.884523868560793,0.8098662975301668,0.437844807659251,6.787420125272505,-12.948997848654754
14.899526357650757,0.9117604760652568,0.2209817909119469,6.791818205902925,-14.45513577425959
14.916517972946169,1.0843292704199592,-0.200439420835177,10.156114728028092,-24.80171569450256
14.931522607803345,1.140839757779187,-0.3695751903168106,3.76620210335841,-11.272234952170429
14.94651484489441,1.1811292183451163,-0.5127027675248841,2.687354817110158,-9.546779199041564
14.961514711380005,1.195323464218922,-0.6172074383971828,0.9462914811565984,-6.967040071500241
14.97751522064209,1.1609951227738522,-0.7420131094596016,-2.145453052948436,-7.800106172755396
14.992520332336426,1.114592171855747,-0.7581068111420607,-3.09247620833247,-1.0725479430142482
15.006521224975586,1.047965754258606,-0.743867250971002,-4.758726412256635,1.0170465939600843
15.021517038345335,0.9603530541687616,-0.6931604927157948,-5.842477358818934,3.3813943268653293
15.038514137268066,0.7206528939606034,-0.4655351868450514,-14.102416023926152,13.39200924260962
15.052514553070068,0.5696006872379954,-0.2848653526226098,-10.789122898836238,12.904604890135277
15.068034172058104,0.4031657563029182,-0.0710121464580795,-10.724163464539252,13.779539712242514
15.083035230636597,0.2303013957902002,0.1534622987921698,-11.523477467155148,14.963906985344682
15.098039865493774,-0.1060835481385237,0.5528688777479192,-22.418735752693664,26.61888028316037
15.114041090011597,-0.250656932362387,0.6772603167381355,-9.035145032983976,7.77386998424204
15.129040241241457,-0.3784145602801244,0.7463506516057313,-8.517657163387604,4.606282969536278
15.144040584564207,-0.4854694509596728,0.7679158520890776,-7.136829362909164,1.4376471270916995
15.158034086227415,-0.5751008238401532,0.7471851288575214,-6.405214008452285,-1.481453586850377
15.1740403175354,-0.6857796717793302,0.5645324508125572,-6.914735005983198,-11.411348151257997
15.188208103179932,-0.7015646505534869,0.3974428513937781,-1.1141457931536205,-11.793628419503616
15.203033685684204,-0.6953366267587666,0.1965340987112707,0.4200862794379589,-13.551491324176242
15.218035459518433,-0.6670955495539788,-0.0488835646229503,1.882515862247712,-16.35924298327099
15.233049154281616,-0.6008285679089475,-0.5130768038209286,4.413769074853608,-30.91798831132943
15.24804162979126,-0.5751008238401532,-0.708898399770418,1.7160437615686308,-13.061325050925168
15.264040231704712,-0.5529980467127932,-0.878015387232921,1.3815442903654749,-10.570735391590931
15.278034687042236,-0.5370512155363768,-1.019554487928501,1.1395106698905892,-10.113941363338396
